 #layer COS S2 O3 O2 NO2 NO HSO HO2 HSO2 HSO3 CS2 CH4O3S CO H O N S SO2 SO4 CS N2 CO2 SCSOH OH H2 H2SO4 SO3 H2S H2O SH SO CS2E CH3SCH3
    1  0.83924300E+010  0.34275651E+005  0.67700000E+012  0.50000000E+019  0.13700000E+010  0.00000000E+000  0.11425510E+000  0.60600000E+009  0.17322138E-004  0.20866976E-002  0.39361245E+008  0.00000000E+000  0.13000000E+013  0.00000000E+000  0.81100000E+003  0.00000000E+000  0.83961261E-009  0.22974829E+010  0.21158595E+008  0.49073701E+002  0.18300000E+020  0.84600000E+016  0.19310032E-003  0.18100000E+007  0.00000000E+000  0.43491519E+009  0.25302405E+002  0.92390206E+008  0.15000000E+018  0.41121095E+001  0.34307966E-001  0.11369896E-004  0.86254532E+008
    2  0.73333555E+010  0.29648451E+005  0.61700000E+012  0.44100000E+019  0.10000000E+010  0.00000000E+000  0.38856166E-001  0.46400000E+009  0.78759060E-005  0.11452806E-002  0.22969925E+008  0.00000000E+000  0.13000000E+013  0.00000000E+000  0.91200000E+003  0.00000000E+000  0.60514229E-009  0.15746494E+010  0.20315262E+008  0.32766814E+002  0.16000000E+020  0.66000000E+016  0.87798456E-004  0.12500000E+007  0.00000000E+000  0.30064354E+009  0.19229789E+002  0.38768535E+008  0.89500000E+017  0.13145129E+001  0.13872496E-001  0.75911963E-005  0.28728346E+008
    3  0.64014367E+010  0.25410797E+005  0.57400000E+012  0.38600000E+019  0.69600000E+009  0.00000000E+000  0.15687400E-001  0.37600000E+009  0.38464187E-005  0.67664423E-003  0.13523471E+008  0.00000000E+000  0.13000000E+013  0.00000000E+000  0.10600000E+004  0.00000000E+000  0.46627238E-009  0.10975462E+010  0.20791423E+008  0.22094498E+002  0.14000000E+020  0.57800000E+016  0.42879118E-004  0.91300000E+006  0.00000000E+000  0.20575193E+009  0.17104903E+002  0.17909299E+008  0.49700000E+017  0.51226735E+000  0.68673575E-002  0.51179573E-005  0.10405488E+008
    4  0.55604723E+010  0.21506477E+005  0.56600000E+012  0.33500000E+019  0.50800000E+009  0.00000000E+000  0.79929670E-002  0.22700000E+009  0.24795994E-005  0.53487219E-003  0.79519186E+007  0.00000000E+000  0.13000000E+013  0.00000000E+000  0.13000000E+004  0.00000000E+000  0.38413282E-009  0.76498447E+009  0.21611042E+008  0.14954571E+002  0.12200000E+020  0.50200000E+016  0.27642582E-004  0.87500000E+006  0.00000000E+000  0.14855433E+009  0.22054905E+002  0.85531279E+007  0.25200000E+017  0.27017633E+000  0.48424427E-002  0.34632474E-005  0.36698192E+007
    5  0.48493654E+010  0.18135588E+005  0.56600000E+012  0.28900000E+019  0.41200000E+009  0.00000000E+000  0.46295831E-002  0.18400000E+009  0.16555547E-005  0.43600398E-003  0.47169190E+007  0.00000000E+000  0.13000000E+013  0.00000000E+000  0.16500000E+004  0.00000000E+000  0.34132981E-009  0.53871293E+009  0.22668895E+008  0.10174814E+002  0.10700000E+020  0.43400000E+016  0.18456228E-004  0.85700000E+006  0.00000000E+000  0.11096069E+009  0.30200756E+002  0.41722488E+007  0.12500000E+017  0.15767550E+000  0.38007505E-002  0.23554198E-005  0.12743696E+007
    6  0.42059315E+010  0.15086653E+005  0.61400000E+012  0.24800000E+019  0.38100000E+009  0.00000000E+000  0.28370621E-002  0.12900000E+009  0.11350924E-005  0.37056671E-003  0.28039134E+007  0.00000000E+000  0.12800000E+013  0.00000000E+000  0.22400000E+004  0.00000000E+000  0.33165084E-009  0.38067310E+009  0.23645369E+008  0.69783469E+001  0.93300000E+019  0.37100000E+016  0.12654136E-004  0.85700000E+006  0.00000000E+000  0.84624777E+008  0.41979127E+002  0.20632254E+007  0.63100000E+016  0.94895694E-001  0.33835102E-002  0.16144746E-005  0.43099132E+006
    7  0.36467724E+010  0.12436686E+005  0.74800000E+012  0.21100000E+019  0.37100000E+009  0.00000000E+000  0.18175838E-002  0.10100000E+009  0.75979562E-006  0.30608445E-003  0.16879237E+007  0.00000000E+000  0.12400000E+013  0.00000000E+000  0.35300000E+004  0.00000000E+000  0.39386836E-009  0.27267187E+009  0.24619796E+008  0.48535192E+001  0.81500000E+019  0.31600000E+016  0.84702984E-005  0.82100000E+006  0.00000000E+000  0.65361794E+008  0.59613202E+002  0.10471633E+007  0.30200000E+016  0.60158909E-001  0.34952339E-002  0.11212901E-005  0.14610091E+006
    8  0.31534248E+010  0.10130149E+005  0.91700000E+012  0.17700000E+019  0.37100000E+009  0.00000000E+000  0.12255560E-002  0.72900000E+008  0.51893768E-006  0.26093971E-003  0.10369273E+007  0.00000000E+000  0.12000000E+013  0.00000000E+000  0.55300000E+004  0.00000000E+000  0.48644857E-009  0.19820647E+009  0.25527728E+008  0.34581113E+001  0.71200000E+019  0.26500000E+016  0.57851893E-005  0.77800000E+006  0.00000000E+000  0.50927088E+008  0.11887121E+003  0.55039096E+006  0.10400000E+016  0.38884282E-001  0.41984854E-002  0.79726596E-006  0.50190995E+005
    9  0.27254303E+010  0.81418934E+004  0.12400000E+013  0.14800000E+019  0.38100000E+009  0.00000000E+000  0.88197037E-003  0.59200000E+008  0.36233319E-006  0.22431356E-003  0.65046604E+006  0.00000000E+000  0.11700000E+013  0.00000000E+000  0.97500000E+004  0.00000000E+000  0.70549829E-009  0.14587386E+009  0.26643247E+008  0.25242243E+001  0.62200000E+019  0.22200000E+016  0.40393423E-005  0.73800000E+006  0.00000000E+000  0.39983235E+008  0.21525657E+003  0.29811551E+006  0.39800000E+015  0.27110988E-001  0.61168506E-002  0.57942431E-006  0.17376148E+005
   10  0.23465238E+010  0.62844941E+004  0.16000000E+013  0.12200000E+019  0.40200000E+009  0.00000000E+000  0.70993567E-003  0.52500000E+008  0.26601507E-006  0.20480150E-003  0.39061685E+006  0.00000000E+000  0.11000000E+013  0.00000000E+000  0.16900000E+005  0.00000000E+000  0.10213174E-008  0.10427693E+009  0.29359155E+008  0.17766327E+001  0.54300000E+019  0.18500000E+016  0.29655746E-005  0.76200000E+006  0.00000000E+000  0.30996561E+008  0.33044572E+003  0.15028459E+006  0.18900000E+015  0.21825682E-001  0.96774724E-002  0.40478651E-006  0.50465016E+004
   11  0.20301219E+010  0.43654107E+004  0.19600000E+013  0.10400000E+019  0.45800000E+009  0.00000000E+000  0.55346622E-003  0.46600000E+008  0.15897023E-006  0.16239547E-003  0.19746750E+006  0.00000000E+000  0.10000000E+013  0.00000000E+000  0.27100000E+005  0.00000000E+000  0.13155362E-008  0.67763388E+008  0.38044650E+008  0.10478002E+001  0.47500000E+019  0.15400000E+016  0.17722233E-005  0.78600000E+006  0.00000000E+000  0.22618560E+008  0.42645879E+003  0.59090058E+005  0.96400000E+014  0.16898646E-001  0.14057974E-001  0.23637099E-006  0.90657036E+003
   12  0.17384126E+010  0.23661147E+004  0.22100000E+013  0.87900000E+018  0.61000000E+009  0.00000000E+000  0.46627233E-003  0.43900000E+008  0.68135048E-007  0.10169213E-003  0.73580125E+005  0.00000000E+000  0.90000000E+012  0.00000000E+000  0.41700000E+005  0.00000000E+000  0.20806452E-008  0.36997503E+008  0.58939380E+008  0.45996515E+000  0.41500000E+019  0.13100000E+016  0.75957943E-006  0.78600000E+006  0.00000000E+000  0.13881279E+008  0.42376850E+003  0.15589006E+005  0.51000000E+014  0.15614979E-001  0.20112910E-001  0.10212284E-006  0.85628001E+002
   13  0.14658941E+010  0.86481887E+003  0.24200000E+013  0.74400000E+018  0.85800000E+009  0.00000000E+000  0.40740143E-003  0.42600000E+008  0.19680444E-007  0.50825233E-004  0.19364085E+005  0.00000000E+000  0.80000000E+012  0.00000000E+000  0.62600000E+005  0.00000000E+000  0.59681764E-008  0.16866962E+008  0.10011546E+009  0.14411917E+000  0.36200000E+019  0.11100000E+016  0.21940042E-006  0.75400000E+006  0.00000000E+000  0.22989470E+003  0.33021794E+003  0.27709011E+004  0.27500000E+014  0.14695382E-001  0.30663368E-001  0.31219363E-007  0.44024803E+001
   14  0.12111872E+010  0.19251082E+003  0.27300000E+013  0.62800000E+018  0.10900000E+010  0.00000000E+000  0.35135146E-003  0.42600000E+008  0.39915814E-008  0.22135470E-004  0.37492899E+004  0.00000000E+000  0.66000000E+012  0.00000000E+000  0.97200000E+005  0.00000000E+000  0.21999314E-007  0.69992028E+007  0.12523821E+009  0.34011534E-001  0.31600000E+019  0.94100000E+015  0.44498704E-007  0.69200000E+006  0.00000000E+000  0.31297914E+003  0.13759101E+003  0.37362428E+003  0.24100000E+014  0.13268099E-001  0.53332376E-001  0.70257231E-008  0.13845679E+000
   15  0.97915248E+009  0.27014500E+002  0.30500000E+013  0.52900000E+018  0.13400000E+010  0.00000000E+000  0.30745814E-003  0.45200000E+008  0.66289721E-009  0.10867245E-004  0.58381515E+003  0.00000000E+000  0.50300000E+012  0.00000000E+000  0.15000000E+006  0.00000000E+000  0.72556448E-007  0.32038376E+007  0.14617026E+009  0.67549619E-002  0.27600000E+019  0.79600000E+015  0.73900577E-008  0.64900000E+006  0.00000000E+000  0.43463452E+003  0.65171698E+002  0.43535383E+002  0.20900000E+014  0.11815303E-001  0.10231153E+000  0.12727517E-008  0.29756189E-002
   16  0.77373838E+009  0.24955955E+001  0.33400000E+013  0.45200000E+018  0.16500000E+010  0.00000000E+000  0.28114777E-003  0.48000000E+008  0.91268577E-010  0.77223181E-005  0.72585196E+002  0.00000000E+000  0.34800000E+012  0.00000000E+000  0.22800000E+006  0.00000000E+000  0.19903934E-006  0.20767097E+007  0.16384067E+009  0.11593551E-002  0.24100000E+019  0.68000000E+015  0.10174606E-008  0.64200000E+006  0.00000000E+000  0.59499275E+003  0.45454438E+002  0.45281928E+001  0.18200000E+014  0.10879558E-001  0.20257461E+000  0.18391629E-009  0.44898925E-004
   17  0.59722977E+009  0.15745495E+000  0.38100000E+013  0.38600000E+018  0.18800000E+010  0.00000000E+000  0.26254019E-003  0.52500000E+008  0.10031314E-010  0.87934644E-005  0.69330713E+001  0.00000000E+000  0.22000000E+012  0.00000000E+000  0.36200000E+006  0.00000000E+000  0.47272464E-006  0.20704517E+007  0.17461319E+009  0.17418994E-003  0.21100000E+019  0.58000000E+015  0.11181142E-009  0.66300000E+006  0.00000000E+000  0.80496585E+003  0.50937955E+002  0.43525674E+000  0.15800000E+014  0.96228646E-002  0.42674872E+000  0.20398237E-010  0.47547092E-006
   18  0.44677048E+009  0.73439317E-002  0.41900000E+013  0.33000000E+018  0.20300000E+010  0.00000000E+000  0.25310787E-003  0.54100000E+008  0.83227909E-012  0.12976967E-004  0.47051793E+000  0.00000000E+000  0.16600000E+012  0.00000000E+000  0.55800000E+006  0.00000000E+000  0.98872055E-006  0.25177519E+007  0.17805128E+009  0.21132579E-004  0.18400000E+019  0.49600000E+015  0.92502958E-011  0.73000000E+006  0.00000000E+000  0.11312191E+004  0.69106075E+002  0.38166959E-001  0.14700000E+014  0.85619638E-002  0.91377870E+000  0.16157128E-011  0.36052570E-008
   19  0.32501700E+009  0.26428012E-003  0.45100000E+013  0.28100000E+018  0.22000000E+010  0.00000000E+000  0.24338746E-003  0.57400000E+008  0.51015898E-013  0.20130862E-004  0.21519631E-001  0.00000000E+000  0.11500000E+012  0.00000000E+000  0.85200000E+006  0.00000000E+000  0.18618617E-005  0.31446862E+007  0.17620268E+009  0.18981218E-005  0.16100000E+019  0.42400000E+015  0.52504063E-012  0.82100000E+006  0.00000000E+000  0.15616113E+004  0.91334056E+002  0.30914201E-002  0.14700000E+014  0.74104914E-002  0.19874283E+001  0.86204825E-013  0.20220300E-010
   20  0.22960280E+009  0.74552884E-005  0.46700000E+013  0.24000000E+018  0.23200000E+010  0.00000000E+000  0.23899414E-003  0.59200000E+008  0.74827261E-014  0.31176650E-004  0.65492460E-003  0.00000000E+000  0.89800000E+011  0.00000000E+000  0.12600000E+007  0.00000000E+000  0.31627307E-005  0.37350314E+007  0.16820277E+009  0.11707390E-006  0.14100000E+019  0.36200000E+015  0.20753484E-013  0.97400000E+006  0.00000000E+000  0.22121327E+004  0.11923983E+003  0.22724264E-003  0.14900000E+014  0.65528150E-002  0.42353852E+001  0.30617260E-014  0.87900040E-013
   21  0.15655629E+009  0.16099727E-006  0.47700000E+013  0.20800000E+018  0.24400000E+010  0.00000000E+000  0.21992798E-003  0.62800000E+008  0.88551376E-014  0.42777912E-004  0.13287923E-004  0.00000000E+000  0.65200000E+011  0.00000000E+000  0.18300000E+007  0.00000000E+000  0.47984007E-005  0.42272707E+007  0.15411239E+009  0.47375153E-008  0.12300000E+019  0.31400000E+015  0.51819953E-015  0.11100000E+007  0.00000000E+000  0.39725564E+004  0.13223180E+003  0.15509579E-004  0.16100000E+014  0.54395062E-002  0.82287507E+001  0.72658479E-016  0.30728859E-015
   22  0.10247438E+009  0.25825504E-008  0.48700000E+013  0.18100000E+018  0.25100000E+010  0.00000000E+000  0.19421412E-003  0.64700000E+008  0.12336697E-013  0.54203403E-004  0.18290842E-006  0.00000000E+000  0.49700000E+011  0.00000000E+000  0.26700000E+007  0.00000000E+000  0.66300167E-005  0.44252812E+007  0.13691381E+009  0.12699373E-009  0.10700000E+019  0.27200000E+015  0.87510264E-017  0.12700000E+007  0.00000000E+000  0.80328441E+004  0.13753676E+003  0.96884280E-006  0.17200000E+014  0.42746736E-002  0.14886366E+002  0.11730514E-017  0.86296690E-018
   23  0.64605763E+008  0.31143927E-010  0.48000000E+013  0.15700000E+018  0.25100000E+010  0.00000000E+000  0.18127310E-003  0.68700000E+008  0.16190802E-013  0.68325166E-004  0.17621425E-008  0.00000000E+000  0.38900000E+011  0.00000000E+000  0.38300000E+007  0.00000000E+000  0.85207606E-005  0.42037029E+007  0.11819766E+009  0.23216175E-011  0.93800000E+018  0.23700000E+015  0.11279654E-018  0.15900000E+007  0.00000000E+000  0.18703135E+005  0.14007921E+003  0.51921915E-007  0.18600000E+014  0.36103831E-002  0.24604052E+002  0.13189640E-019  0.19702017E-020
   24  0.38694069E+008  0.28897940E-012  0.46300000E+013  0.13700000E+018  0.25700000E+010  0.00000000E+000  0.15966639E-003  0.68700000E+008  0.18230440E-013  0.78413601E-004  0.12211794E-010  0.00000000E+000  0.31900000E+011  0.00000000E+000  0.53300000E+007  0.00000000E+000  0.99365247E-005  0.36633501E+007  0.99891436E+008  0.29235947E-013  0.81900000E+018  0.20600000E+015  0.10377075E-020  0.19900000E+007  0.00000000E+000  0.37803171E+005  0.13272416E+003  0.23569679E-008  0.19800000E+014  0.29266900E-002  0.36408295E+002  0.10699423E-021  0.37330425E-023
   25  0.21931282E+008  0.20695859E-014  0.44100000E+013  0.11900000E+018  0.25700000E+010  0.00000000E+000  0.13416732E-003  0.70700000E+008  0.19552660E-013  0.83577119E-004  0.62662354E-013  0.00000000E+000  0.25000000E+011  0.00000000E+000  0.74500000E+007  0.00000000E+000  0.10617989E-004  0.29445004E+007  0.81582587E+008  0.26438036E-015  0.71600000E+018  0.18000000E+015  0.70758632E-023  0.25000000E+007  0.00000000E+000  0.71202969E+005  0.11612903E+003  0.89900089E-010  0.21100000E+014  0.22693572E-002  0.48621642E+002  0.64241263E-024  0.58187204E-026
   26  0.11652328E+008  0.11688150E-016  0.41400000E+013  0.10400000E+018  0.25100000E+010  0.00000000E+000  0.10665354E-003  0.72900000E+008  0.19172316E-013  0.82501972E-004  0.24441966E-015  0.00000000E+000  0.20000000E+011  0.00000000E+000  0.10200000E+008  0.00000000E+000  0.10207837E-004  0.21750915E+007  0.64858869E+008  0.17401315E-017  0.62500000E+018  0.15700000E+015  0.36998691E-025  0.31900000E+007  0.00000000E+000  0.12500261E+006  0.99461341E+002  0.28394789E-011  0.21400000E+014  0.16906533E-002  0.57652176E+002  0.29324881E-026  0.75157708E-029
   27  0.57934136E+007  0.54100013E-019  0.37500000E+013  0.90800000E+017  0.25100000E+010  0.00000000E+000  0.75478235E-004  0.72900000E+008  0.17116736E-013  0.72614258E-004  0.75274731E-018  0.00000000E+000  0.15600000E+011  0.00000000E+000  0.13600000E+008  0.00000000E+000  0.89053658E-005  0.15085070E+007  0.50268764E+008  0.87455026E-020  0.54600000E+018  0.13700000E+015  0.14467435E-027  0.38700000E+007  0.00000000E+000  0.22000214E+006  0.85336485E+002  0.76837429E-013  0.19300000E+014  0.11566051E-002  0.62555396E+002  0.10558127E-028  0.82908219E-032
   28  0.26892100E+007  0.20553140E-021  0.34000000E+013  0.79400000E+017  0.24400000E+010  0.00000000E+000  0.50256686E-004  0.70700000E+008  0.13727823E-013  0.59675967E-004  0.18869915E-020  0.00000000E+000  0.12500000E+011  0.00000000E+000  0.18200000E+008  0.00000000E+000  0.69882268E-005  0.97160045E+006  0.37628165E+008  0.34499384E-022  0.47700000E+018  0.12000000E+015  0.46281886E-030  0.47400000E+007  0.00000000E+000  0.42800161E+006  0.68100334E+002  0.17868427E-014  0.17500000E+014  0.74371904E-003  0.60811569E+002  0.30895861E-031  0.77472094E-035
   29  0.11526244E+007  0.62970669E-024  0.31000000E+013  0.69500000E+017  0.23200000E+010  0.00000000E+000  0.31202927E-004  0.68700000E+008  0.10277349E-013  0.46106789E-004  0.38966008E-023  0.00000000E+000  0.10000000E+011  0.00000000E+000  0.24500000E+008  0.00000000E+000  0.49069900E-005  0.58418591E+006  0.27402632E+008  0.10860234E-024  0.41700000E+018  0.10500000E+015  0.12282567E-032  0.58700000E+007  0.00000000E+000  0.72700144E+006  0.51036275E+002  0.35448345E-016  0.15900000E+014  0.44336711E-003  0.53393658E+002  0.74335838E-034  0.59998538E-038
   30  0.45442769E+006  0.15554020E-026  0.28400000E+013  0.60900000E+017  0.22000000E+010  0.00000000E+000  0.17063160E-004  0.66600000E+008  0.75029162E-014  0.33306955E-004  0.68170459E-026  0.00000000E+000  0.78500000E+010  0.00000000E+000  0.33200000E+008  0.00000000E+000  0.30901038E-005  0.34403792E+006  0.19048556E+008  0.28176493E-027  0.36400000E+018  0.92100000E+014  0.26380535E-035  0.69700000E+007  0.00000000E+000  0.12800001E+007  0.35680505E+002  0.67838217E-018  0.14500000E+014  0.23171527E-003  0.44567109E+002  0.15154650E-036  0.21685981E-040
   31  0.16608489E+006  0.31509797E-029  0.26100000E+013  0.54600000E+017  0.20300000E+010  0.00000000E+000  0.89233947E-005  0.62800000E+008  0.58788281E-014  0.23987366E-004  0.10434377E-028  0.00000000E+000  0.62900000E+010  0.00000000E+000  0.44800000E+008  0.00000000E+000  0.17312612E-005  0.20474790E+006  0.13182922E+008  0.61196591E-030  0.31800000E+018  0.82600000E+014  0.50735133E-038  0.85400000E+007  0.00000000E+000  0.14416503E+007  0.25651441E+002  0.52481096E-019  0.13200000E+014  0.11738633E-003  0.34544248E+002  0.26894855E-039  0.31521854E-040
   32  0.55751844E+005  0.52996146E-032  0.23600000E+013  0.49000000E+017  0.18300000E+010  0.00000000E+000  0.41289159E-005  0.57400000E+008  0.47605136E-014  0.17767629E-004  0.14073539E-031  0.00000000E+000  0.50400000E+010  0.00000000E+000  0.60000000E+008  0.00000000E+000  0.88454202E-006  0.13054677E+006  0.90587856E+007  0.11483980E-032  0.27800000E+018  0.74100000E+014  0.82805840E-041  0.10100000E+008  0.00000000E+000  0.13959534E+007  0.19339584E+002  0.25548034E-019  0.11800000E+014  0.53487837E-004  0.28225343E+002  0.41992880E-042  0.58636681E-040
   33  0.17126006E+005  0.44042179E-034  0.21200000E+013  0.44000000E+017  0.16900000E+010  0.00000000E+000  0.17827431E-005  0.49500000E+008  0.40354090E-014  0.14901862E-004  0.16967689E-034  0.00000000E+000  0.39400000E+010  0.00000000E+000  0.79700000E+008  0.00000000E+000  0.41895996E-006  0.92751851E+005  0.61708786E+007  0.18895910E-035  0.24300000E+018  0.66600000E+014  0.12314061E-043  0.12200000E+008  0.00000000E+000  0.12718565E+007  0.17078918E+002  0.14329902E-019  0.10200000E+014  0.22896314E-004  0.25266770E+002  0.58547407E-045  0.11962489E-039
   34  0.48188307E+004  0.20348226E-034  0.19000000E+013  0.39700000E+017  0.14100000E+010  0.00000000E+000  0.65636552E-006  0.43900000E+008  0.40413302E-014  0.13434624E-004  0.18625786E-037  0.00000000E+000  0.31600000E+010  0.00000000E+000  0.10600000E+009  0.00000000E+000  0.19812095E-006  0.76345386E+005  0.41687285E+007  0.27689228E-038  0.21200000E+018  0.60000000E+014  0.15573215E-046  0.13800000E+008  0.00000000E+000  0.11248956E+007  0.16409969E+002  0.67222559E-020  0.87600000E+013  0.84145775E-005  0.25690284E+002  0.74299010E-048  0.27645317E-039
   35  0.12460943E+004  0.14922265E-034  0.17200000E+013  0.35800000E+017  0.12100000E+010  0.00000000E+000  0.22038319E-006  0.39000000E+008  0.44934096E-014  0.13320472E-004  0.18931163E-040  0.00000000E+000  0.23000000E+010  0.00000000E+000  0.14300000E+009  0.00000000E+000  0.11640313E-006  0.69858181E+005  0.27686962E+007  0.49689442E-041  0.18500000E+018  0.54200000E+014  0.18082020E-049  0.15500000E+008  0.00000000E+000  0.98223244E+006  0.17302227E+002  0.28412433E-020  0.75400000E+013  0.27904230E-005  0.28587718E+002  0.87193995E-051  0.68466794E-039
   36  0.29980046E+003  0.17459333E-034  0.15500000E+013  0.32900000E+017  0.95200000E+009  0.00000000E+000  0.68581902E-007  0.34600000E+008  0.52215566E-014  0.14045764E-004  0.18221556E-043  0.00000000E+000  0.15900000E+010  0.00000000E+000  0.19100000E+009  0.00000000E+000  0.10458408E-006  0.68413175E+005  0.18405371E+007  0.88337807E-042  0.16200000E+018  0.49000000E+014  0.20130123E-052  0.17700000E+008  0.00000000E+000  0.85730597E+006  0.19827515E+002  0.11536237E-020  0.64700000E+013  0.87767045E-006  0.33068505E+002  0.96214879E-054  0.17928950E-038
   37  0.66264378E+002  0.32788957E-034  0.14100000E+013  0.30300000E+017  0.71400000E+009  0.00000000E+000  0.18739964E-007  0.32600000E+008  0.74099370E-014  0.14192099E-004  0.16449634E-046  0.00000000E+000  0.12100000E+010  0.00000000E+000  0.26100000E+009  0.00000000E+000  0.12828072E-006  0.70080751E+005  0.12116053E+007  0.76603338E-042  0.14100000E+018  0.45300000E+014  0.19734869E-055  0.19000000E+008  0.00000000E+000  0.74073475E+006  0.22080269E+002  0.44681699E-021  0.55400000E+013  0.23955597E-006  0.38016585E+002  0.99918587E-057  0.87059692E-038
   38  0.13507004E+002  0.71673098E-034  0.12300000E+013  0.28000000E+017  0.50800000E+009  0.00000000E+000  0.48286707E-008  0.29800000E+008  0.10360027E-013  0.15050527E-004  0.14415281E-049  0.00000000E+000  0.92200000E+009  0.00000000E+000  0.34900000E+009  0.00000000E+000  0.17849208E-006  0.73686193E+005  0.79119418E+006  0.57050027E-042  0.12400000E+018  0.42000000E+014  0.19313969E-058  0.21000000E+008  0.00000000E+000  0.64338552E+006  0.25819762E+002  0.17298309E-021  0.47600000E+013  0.64506345E-007  0.44529423E+002  0.99709345E-060  0.42334997E-037
   39  0.25221304E+001  0.15712232E-033  0.10700000E+013  0.25800000E+017  0.38100000E+009  0.00000000E+000  0.11083308E-008  0.26400000E+008  0.14073689E-013  0.15643135E-004  0.48604529E-052  0.00000000E+000  0.67000000E+009  0.00000000E+000  0.46700000E+009  0.00000000E+000  0.25325534E-006  0.78001182E+005  0.50951825E+006  0.36650281E-042  0.10800000E+018  0.39100000E+014  0.70789227E-061  0.22600000E+008  0.00000000E+000  0.55128514E+006  0.29606175E+002  0.58628958E-022  0.40900000E+013  0.15475710E-007  0.52069998E+002  0.38548201E-062  0.19818753E-036
   40  0.43498660E+000  0.29960772E-033  0.92500000E+012  0.23900000E+017  0.23800000E+009  0.00000000E+000  0.22589618E-009  0.24900000E+008  0.18549303E-013  0.16513076E-004  0.21664730E-053  0.00000000E+000  0.52300000E+009  0.00000000E+000  0.62300000E+009  0.00000000E+000  0.36748536E-006  0.83608525E+005  0.32737299E+006  0.14713516E-042  0.94300000E+017  0.35600000E+014  0.33942758E-062  0.24100000E+008  0.00000000E+000  0.47075221E+006  0.34621333E+002  0.15784441E-022  0.35000000E+013  0.33503436E-008  0.62893474E+002  0.19611129E-063  0.50932939E-036
   41  0.68349100E-001  0.61274948E-033  0.80000000E+012  0.22200000E+017  0.17800000E+009  0.00000000E+000  0.40987109E-010  0.22800000E+008  0.26135688E-013  0.16640193E-004  0.13058634E-054  0.00000000E+000  0.34400000E+009  0.00000000E+000  0.84800000E+009  0.00000000E+000  0.50827970E-006  0.90540992E+005  0.20848455E+006  0.70726581E-043  0.82300000E+017  0.33100000E+014  0.21305790E-063  0.24900000E+008  0.00000000E+000  0.39831768E+006  0.39473311E+002  0.41421744E-023  0.29900000E+013  0.64447255E-009  0.73209279E+002  0.13467923E-064  0.22382638E-035
   42  0.97728290E-002  0.11851300E-032  0.69000000E+012  0.20600000E+017  0.10900000E+009  0.00000000E+000  0.65735152E-011  0.21400000E+008  0.37534783E-013  0.16472204E-004  0.61306071E-056  0.00000000E+000  0.30800000E+009  0.00000000E+000  0.11800000E+010  0.00000000E+000  0.69344456E-006  0.98025169E+005  0.13190769E+006  0.29225965E-043  0.71900000E+017  0.30900000E+014  0.10239335E-064  0.25300000E+008  0.00000000E+000  0.33369921E+006  0.44849682E+002  0.95059912E-024  0.25500000E+013  0.10979815E-009  0.84598964E+002  0.71888614E-066  0.92476761E-035
   43  0.12774173E-002  0.21539859E-032  0.59100000E+012  0.19200000E+017  0.71400000E+008  0.00000000E+000  0.91220596E-012  0.20200000E+008  0.53144102E-013  0.15555687E-004  0.22242289E-057  0.00000000E+000  0.25700000E+009  0.00000000E+000  0.16400000E+010  0.00000000E+000  0.91738191E-006  0.10514870E+006  0.83208973E+005  0.10381084E-043  0.62800000E+017  0.28900000E+014  0.36803397E-066  0.24900000E+008  0.00000000E+000  0.27678179E+006  0.49880826E+002  0.18589891E-024  0.21700000E+013  0.16374260E-010  0.95804320E+002  0.29585106E-067  0.36482081E-034
   44  0.15322170E-003  0.34418553E-032  0.49400000E+012  0.17900000E+017  0.48200000E+008  0.00000000E+000  0.11310945E-012  0.18500000E+008  0.65551981E-013  0.14965183E-004  0.51718275E-059  0.00000000E+000  0.23100000E+009  0.00000000E+000  0.22000000E+010  0.00000000E+000  0.12205813E-005  0.11102351E+006  0.52224009E+005  0.23912867E-044  0.54900000E+017  0.26500000E+014  0.86104611E-068  0.24900000E+008  0.00000000E+000  0.22742571E+006  0.54936266E+002  0.30182339E-025  0.18900000E+013  0.22458042E-011  0.10967570E+003  0.77856761E-069  0.83502559E-034
   45  0.16643547E-004  0.57998842E-032  0.40900000E+012  0.16700000E+017  0.29300000E+008  0.00000000E+000  0.12092670E-013  0.17900000E+008  0.91255219E-013  0.13431591E-004  0.11955180E-060  0.00000000E+000  0.21500000E+009  0.00000000E+000  0.29300000E+010  0.00000000E+000  0.15288798E-005  0.11547848E+006  0.32508998E+005  0.64563869E-045  0.48000000E+017  0.24900000E+014  0.19374886E-069  0.24100000E+008  0.00000000E+000  0.18481629E+006  0.59401264E+002  0.45865015E-026  0.16400000E+013  0.26728921E-012  0.11885831E+003  0.20331064E-070  0.31379618E-033
   46  0.16549768E-005  0.95163576E-032  0.33500000E+012  0.15500000E+017  0.16900000E+008  0.00000000E+000  0.10808601E-014  0.16400000E+008  0.11775139E-012  0.11184231E-004  0.21155975E-062  0.00000000E+000  0.19300000E+009  0.00000000E+000  0.38000000E+010  0.00000000E+000  0.18759034E-005  0.11763076E+006  0.20312955E+005  0.15410164E-045  0.41900000E+017  0.23400000E+014  0.31478858E-071  0.22000000E+008  0.00000000E+000  0.14839239E+006  0.61899130E+002  0.56420390E-027  0.14300000E+013  0.26752064E-013  0.12610318E+003  0.40686393E-072  0.11455036E-032
   47  0.15474007E-006  0.13081181E-031  0.27100000E+012  0.14100000E+017  0.97800000E+007  0.00000000E+000  0.88848173E-016  0.15900000E+008  0.13525210E-012  0.99230795E-005  0.19989178E-064  0.00000000E+000  0.18600000E+009  0.00000000E+000  0.47500000E+010  0.00000000E+000  0.24578361E-005  0.11680463E+006  0.12544896E+005  0.19408786E-046  0.36600000E+017  0.21000000E+014  0.28174763E-073  0.20700000E+008  0.00000000E+000  0.11784663E+006  0.64170641E+002  0.53493273E-028  0.12400000E+013  0.24630529E-014  0.14072618E+003  0.43645124E-074  0.15074781E-032
   48  0.13780254E-007  0.18190112E-031  0.21400000E+012  0.12700000E+017  0.69600000E+007  0.00000000E+000  0.66363191E-017  0.14600000E+008  0.14572779E-012  0.85496979E-005  0.16787799E-066  0.00000000E+000  0.18600000E+009  0.00000000E+000  0.57100000E+010  0.00000000E+000  0.31844282E-005  0.11380860E+006  0.76487622E+004  0.23072780E-047  0.32000000E+017  0.18900000E+014  0.21982332E-075  0.19100000E+008  0.00000000E+000  0.92816481E+005  0.65118270E+002  0.45506087E-029  0.10700000E+013  0.20901361E-015  0.15468823E+003  0.41672398E-076  0.20167186E-032
   49  0.11792118E-008  0.26150719E-031  0.17100000E+012  0.11600000E+017  0.39100000E+007  0.00000000E+000  0.48051586E-018  0.13700000E+008  0.16907273E-012  0.71746022E-005  0.18104337E-068  0.00000000E+000  0.17900000E+009  0.00000000E+000  0.66900000E+010  0.00000000E+000  0.37898502E-005  0.10943071E+006  0.46238546E+004  0.34332229E-048  0.27900000E+017  0.17500000E+014  0.22461309E-077  0.18000000E+008  0.00000000E+000  0.72957795E+005  0.69119811E+002  0.41221582E-030  0.89600000E+012  0.17166389E-016  0.15948295E+003  0.50939530E-078  0.44589932E-032
   50  0.10006352E-009  0.33617564E-031  0.13300000E+012  0.10200000E+017  0.26400000E+007  0.00000000E+000  0.32732828E-019  0.12200000E+008  0.16106746E-012  0.62231789E-005  0.24161219E-070  0.00000000E+000  0.17300000E+009  0.00000000E+000  0.76200000E+010  0.00000000E+000  0.50067624E-005  0.10293815E+006  0.27070021E+004  0.29349315E-049  0.24400000E+017  0.15400000E+014  0.27835225E-079  0.16600000E+008  0.00000000E+000  0.56651400E+005  0.69222233E+002  0.29857000E-031  0.74100000E+012  0.13219675E-017  0.17676160E+003  0.77736117E-080  0.36828053E-032
   51  0.87196122E-011  0.43300562E-031  0.10100000E+012  0.89800000E+016  0.18300000E+007  0.00000000E+000  0.22497830E-020  0.11800000E+008  0.16435488E-012  0.52828956E-005  0.15412182E-071  0.00000000E+000  0.17300000E+009  0.00000000E+000  0.82800000E+010  0.00000000E+000  0.64406961E-005  0.95610403E+005  0.15926857E+004  0.25690938E-050  0.21300000E+017  0.13600000E+014  0.16356715E-080  0.15200000E+008  0.00000000E+000  0.43913316E+005  0.67732360E+002  0.21547623E-032  0.60600000E+012  0.10532560E-018  0.19232030E+003  0.56731735E-081  0.31480052E-032
   52  0.80718693E-012  0.45421781E-031  0.77100000E+011  0.74700000E+016  0.11400000E+007  0.00000000E+000  0.16537963E-021  0.10500000E+008  0.12467067E-012  0.50675805E-005  0.61164031E-073  0.00000000E+000  0.16700000E+009  0.00000000E+000  0.90900000E+010  0.00000000E+000  0.97822353E-005  0.86375315E+005  0.91890792E+003  0.10541712E-051  0.18600000E+017  0.11100000E+014  0.61960164E-082  0.14400000E+008  0.00000000E+000  0.33601832E+005  0.64034278E+002  0.12852225E-033  0.48700000E+012  0.85349400E-020  0.23495528E+003  0.26189485E-082  0.58274080E-033
   53  0.77993257E-013  0.48307205E-031  0.63000000E+011  0.61900000E+016  0.73300000E+006  0.00000000E+000  0.11865989E-022  0.93000000E+007  0.10141641E-012  0.43885455E-005  0.34386223E-074  0.00000000E+000  0.17300000E+009  0.00000000E+000  0.10600000E+011  0.00000000E+000  0.14266024E-004  0.77485345E+005  0.53579553E+003  0.58605165E-053  0.16300000E+017  0.92900000E+013  0.30675844E-083  0.12600000E+008  0.00000000E+000  0.25883636E+005  0.62203153E+002  0.70209047E-035  0.39100000E+012  0.62607644E-021  0.27625893E+003  0.17090147E-083  0.16279218E-033
   54  0.78873114E-014  0.51496729E-031  0.50300000E+011  0.51100000E+016  0.52200000E+006  0.00000000E+000  0.94240858E-024  0.82500000E+007  0.81740630E-013  0.40002586E-005  0.20359885E-075  0.00000000E+000  0.17300000E+009  0.00000000E+000  0.12000000E+011  0.00000000E+000  0.20567327E-004  0.68672815E+005  0.30407029E+003  0.33785763E-054  0.14200000E+017  0.77500000E+013  0.16957768E-084  0.11700000E+008  0.00000000E+000  0.19955262E+005  0.56792146E+002  0.41967470E-036  0.33800000E+012  0.51833375E-022  0.32131167E+003  0.11799054E-084  0.45592488E-034
   55  0.84568245E-015  0.49007178E-031  0.40500000E+011  0.42100000E+016  0.33400000E+006  0.00000000E+000  0.77700476E-025  0.73300000E+007  0.60273687E-013  0.36925185E-005  0.86986959E-077  0.00000000E+000  0.17300000E+009  0.00000000E+000  0.13500000E+011  0.00000000E+000  0.30434540E-004  0.60597362E+005  0.17054281E+003  0.15314658E-055  0.12400000E+017  0.62700000E+013  0.67184170E-086  0.10800000E+008  0.00000000E+000  0.15499988E+005  0.51512793E+002  0.24553806E-037  0.29100000E+012  0.44270937E-023  0.38434220E+003  0.58667710E-086  0.74344988E-035
   56  0.95455299E-016  0.50943525E-031  0.32400000E+011  0.34500000E+016  0.21400000E+006  0.00000000E+000  0.69185604E-026  0.67000000E+007  0.49475394E-013  0.33739509E-005  0.55330804E-078  0.00000000E+000  0.17900000E+009  0.00000000E+000  0.15200000E+011  0.00000000E+000  0.43489502E-004  0.53031334E+005  0.96099713E+002  0.96236352E-057  0.10800000E+017  0.52000000E+013  0.40119709E-087  0.10100000E+008  0.00000000E+000  0.12119163E+005  0.46943719E+002  0.16110008E-038  0.25000000E+012  0.40722410E-024  0.44302506E+003  0.43540029E-087  0.19879746E-035
   57  0.11438830E-016  0.45550355E-031  0.27000000E+011  0.28200000E+016  0.16900000E+006  0.00000000E+000  0.60523334E-027  0.61200000E+007  0.37129088E-013  0.29926051E-005  0.24291808E-079  0.00000000E+000  0.17900000E+009  0.00000000E+000  0.17800000E+011  0.00000000E+000  0.64331681E-004  0.46415412E+005  0.54028501E+002  0.47092223E-058  0.94800000E+016  0.41700000E+013  0.15658502E-088  0.89500000E+007  0.00000000E+000  0.96570648E+004  0.43572763E+002  0.96666286E-040  0.21500000E+012  0.35394262E-025  0.52877569E+003  0.22167147E-088  0.29083593E-036
   58  0.14051390E-017  0.43115855E-031  0.23200000E+011  0.23000000E+016  0.11700000E+006  0.00000000E+000  0.58067426E-028  0.52800000E+007  0.28468099E-013  0.26970381E-005  0.15208737E-080  0.00000000E+000  0.18600000E+009  0.00000000E+000  0.21400000E+011  0.00000000E+000  0.91251798E-004  0.40280325E+005  0.29998623E+002  0.31445552E-059  0.82800000E+016  0.34300000E+013  0.90938550E-090  0.82800000E+007  0.00000000E+000  0.77884584E+004  0.41792040E+002  0.62392269E-041  0.18300000E+012  0.32519972E-026  0.60512779E+003  0.16148676E-089  0.69298517E-037
   59  0.17743402E-018  0.40516492E-031  0.19800000E+011  0.18700000E+016  0.69600000E+005  0.00000000E+000  0.54500574E-029  0.45400000E+007  0.21645157E-013  0.23182264E-005  0.96652936E-082  0.00000000E+000  0.19300000E+009  0.00000000E+000  0.25700000E+011  0.00000000E+000  0.12935929E-003  0.34769788E+005  0.16701337E+002  0.21379930E-060  0.72300000E+016  0.28200000E+013  0.51204712E-091  0.73200000E+007  0.00000000E+000  0.63956913E+004  0.39840524E+002  0.40098037E-042  0.15600000E+012  0.29338796E-027  0.69104801E+003  0.11941568E-090  0.16162224E-037
   60  0.26530452E-019  0.30881344E-031  0.16900000E+011  0.13900000E+016  0.50800000E+005  0.00000000E+000  0.65159390E-030  0.42800000E+007  0.14430262E-013  0.25294272E-005  0.22890232E-083  0.00000000E+000  0.17900000E+009  0.00000000E+000  0.32600000E+011  0.00000000E+000  0.23565560E-003  0.29240885E+005  0.89578819E+001  0.65103134E-062  0.63200000E+016  0.20900000E+013  0.11974093E-092  0.72100000E+007  0.00000000E+000  0.52876460E+004  0.38009904E+002  0.25317721E-043  0.13200000E+012  0.31249881E-028  0.92726982E+003  0.33428232E-092  0.59463167E-039
