   0.31536000E+09       1   0.41131367E+01
   0.31536000E+09       2   0.13151069E+01
   0.31536000E+09       3   0.51265649E+00
   0.31536000E+09       4   0.27049786E+00
   0.31536000E+09       5   0.15796288E+00
   0.31536000E+09       6   0.95143166E-01
   0.31536000E+09       7   0.60373966E-01
   0.31536000E+09       8   0.39060805E-01
   0.31536000E+09       9   0.27262029E-01
   0.31536000E+09      10   0.21977941E-01
   0.31536000E+09      11   0.17058378E-01
   0.31536000E+09      12   0.15830286E-01
   0.31536000E+09      13   0.15005245E-01
   0.31536000E+09      14   0.13719417E-01
   0.31536000E+09      15   0.12467152E-01
   0.31536000E+09      16   0.11840781E-01
   0.31536000E+09      17   0.10949598E-01
   0.31536000E+09      18   0.10363745E-01
   0.31536000E+09      19   0.97465182E-02
   0.31536000E+09      20   0.95935680E-02
   0.31536000E+09      21   0.91189416E-02
   0.31536000E+09      22   0.84815199E-02
   0.31536000E+09      23   0.88029735E-02
   0.31536000E+09      24   0.91461582E-02
   0.31536000E+09      25   0.95310412E-02
   0.31536000E+09      26   0.10070752E-01
   0.31536000E+09      27   0.10333147E-01
   0.31536000E+09      28   0.10538569E-01
   0.31536000E+09      29   0.10602253E-01
   0.31536000E+09      30   0.99406476E-02
   0.31536000E+09      31   0.95601707E-02
   0.31536000E+09      32   0.87620322E-02
   0.31536000E+09      33   0.79766906E-02
   0.31536000E+09      34   0.65487182E-02
   0.31536000E+09      35   0.50555444E-02
   0.31536000E+09      36   0.38211330E-02
   0.31536000E+09      37   0.25618459E-02
   0.31536000E+09      38   0.17349186E-02
   0.31536000E+09      39   0.10566699E-02
   0.31536000E+09      40   0.58364254E-03
   0.31536000E+09      41   0.28280980E-03
   0.31536000E+09      42   0.11776178E-03
   0.31536000E+09      43   0.41174919E-04
   0.31536000E+09      44   0.12767018E-04
   0.31536000E+09      45   0.32573889E-05
   0.31536000E+09      46   0.66107538E-06
   0.31536000E+09      47   0.11917729E-06
   0.31536000E+09      48   0.19190447E-07
   0.31536000E+09      49   0.28759963E-08
   0.31536000E+09      50   0.39672722E-09
   0.31536000E+09      51   0.56100330E-10
   0.31536000E+09      52   0.81097407E-11
   0.31536000E+09      53   0.10362064E-11
   0.31536000E+09      54   0.14698941E-12
   0.31536000E+09      55   0.21331994E-13
   0.31536000E+09      56   0.32681934E-14
   0.31536000E+09      57   0.46237120E-15
   0.31536000E+09      58   0.66724040E-16
   0.31536000E+09      59   0.91985721E-17
   0.31536000E+09      60   0.15248310E-17

