   0.31536000E+09       1   0.20963812E-02
   0.31536000E+09       2   0.11483979E-02
   0.31536000E+09       3   0.67674684E-03
   0.31536000E+09       4   0.53358199E-03
   0.31536000E+09       5   0.43391225E-03
   0.31536000E+09       6   0.36799683E-03
   0.31536000E+09       7   0.30339317E-03
   0.31536000E+09       8   0.25824100E-03
   0.31536000E+09       9   0.22170557E-03
   0.31536000E+09      10   0.20216233E-03
   0.31536000E+09      11   0.16004276E-03
   0.31536000E+09      12   0.10000094E-03
   0.31536000E+09      13   0.49821995E-04
   0.31536000E+09      14   0.21566968E-04
   0.31536000E+09      15   0.10447649E-04
   0.31536000E+09      16   0.72683536E-05
   0.31536000E+09      17   0.81499812E-05
   0.31536000E+09      18   0.11960043E-04
   0.31536000E+09      19   0.18525618E-04
   0.31536000E+09      20   0.28679933E-04
   0.31536000E+09      21   0.39348395E-04
   0.31536000E+09      22   0.49856728E-04
   0.31536000E+09      23   0.62845965E-04
   0.31536000E+09      24   0.72126372E-04
   0.31536000E+09      25   0.76878997E-04
   0.31536000E+09      26   0.75898373E-04
   0.31536000E+09      27   0.66822452E-04
   0.31536000E+09      28   0.54963269E-04
   0.31536000E+09      29   0.42562111E-04
   0.31536000E+09      30   0.30905510E-04
   0.31536000E+09      31   0.22401793E-04
   0.31536000E+09      32   0.16723909E-04
   0.31536000E+09      33   0.14134296E-04
   0.31536000E+09      34   0.12810477E-04
   0.31536000E+09      35   0.12732103E-04
   0.31536000E+09      36   0.13431738E-04
   0.31536000E+09      37   0.13566017E-04
   0.31536000E+09      38   0.14376246E-04
   0.31536000E+09      39   0.14930952E-04
   0.31536000E+09      40   0.15750166E-04
   0.31536000E+09      41   0.15861582E-04
   0.31536000E+09      42   0.15693278E-04
   0.31536000E+09      43   0.14813761E-04
   0.31536000E+09      44   0.14246386E-04
   0.31536000E+09      45   0.12782677E-04
   0.31536000E+09      46   0.10641271E-04
   0.31536000E+09      47   0.94393748E-05
   0.31536000E+09      48   0.81314791E-05
   0.31536000E+09      49   0.68225955E-05
   0.31536000E+09      50   0.59170687E-05
   0.31536000E+09      51   0.50224708E-05
   0.31536000E+09      52   0.48173114E-05
   0.31536000E+09      53   0.41714777E-05
   0.31536000E+09      54   0.38021417E-05
   0.31536000E+09      55   0.35094484E-05
   0.31536000E+09      56   0.32065331E-05
   0.31536000E+09      57   0.28440139E-05
   0.31536000E+09      58   0.25630602E-05
   0.31536000E+09      59   0.22030319E-05
   0.31536000E+09      60   0.24037199E-05

