   0.31536000E+09       1   0.83961261E-09
   0.31536000E+09       2   0.60514229E-09
   0.31536000E+09       3   0.46627238E-09
   0.31536000E+09       4   0.38413282E-09
   0.31536000E+09       5   0.34132981E-09
   0.31536000E+09       6   0.33165084E-09
   0.31536000E+09       7   0.39386836E-09
   0.31536000E+09       8   0.48644857E-09
   0.31536000E+09       9   0.70549829E-09
   0.31536000E+09      10   0.10213174E-08
   0.31536000E+09      11   0.13155362E-08
   0.31536000E+09      12   0.20806452E-08
   0.31536000E+09      13   0.59681764E-08
   0.31536000E+09      14   0.21999314E-07
   0.31536000E+09      15   0.72556448E-07
   0.31536000E+09      16   0.19903934E-06
   0.31536000E+09      17   0.47272464E-06
   0.31536000E+09      18   0.98872055E-06
   0.31536000E+09      19   0.18618617E-05
   0.31536000E+09      20   0.31627307E-05
   0.31536000E+09      21   0.47984007E-05
   0.31536000E+09      22   0.66300167E-05
   0.31536000E+09      23   0.85207606E-05
   0.31536000E+09      24   0.99365247E-05
   0.31536000E+09      25   0.10617989E-04
   0.31536000E+09      26   0.10207837E-04
   0.31536000E+09      27   0.89053658E-05
   0.31536000E+09      28   0.69882268E-05
   0.31536000E+09      29   0.49069900E-05
   0.31536000E+09      30   0.30901038E-05
   0.31536000E+09      31   0.17312612E-05
   0.31536000E+09      32   0.88454202E-06
   0.31536000E+09      33   0.41895996E-06
   0.31536000E+09      34   0.19812095E-06
   0.31536000E+09      35   0.11640313E-06
   0.31536000E+09      36   0.10458408E-06
   0.31536000E+09      37   0.12828072E-06
   0.31536000E+09      38   0.17849208E-06
   0.31536000E+09      39   0.25325534E-06
   0.31536000E+09      40   0.36748536E-06
   0.31536000E+09      41   0.50827970E-06
   0.31536000E+09      42   0.69344456E-06
   0.31536000E+09      43   0.91738191E-06
   0.31536000E+09      44   0.12205813E-05
   0.31536000E+09      45   0.15288798E-05
   0.31536000E+09      46   0.18759034E-05
   0.31536000E+09      47   0.24578361E-05
   0.31536000E+09      48   0.31844282E-05
   0.31536000E+09      49   0.37898502E-05
   0.31536000E+09      50   0.50067624E-05
   0.31536000E+09      51   0.64406961E-05
   0.31536000E+09      52   0.97822353E-05
   0.31536000E+09      53   0.14266024E-04
   0.31536000E+09      54   0.20567327E-04
   0.31536000E+09      55   0.30434540E-04
   0.31536000E+09      56   0.43489502E-04
   0.31536000E+09      57   0.64331681E-04
   0.31536000E+09      58   0.91251798E-04
   0.31536000E+09      59   0.12935929E-03
   0.31536000E+09      60   0.23565560E-03

