   0.31536000E+09       1   0.17838320E-02
   0.31536000E+09       2   0.78157225E-03
   0.31536000E+09       3   0.40202665E-03
   0.31536000E+09       4   0.21986740E-03
   0.31536000E+09       5   0.12739665E-03
   0.31536000E+09       6   0.78346890E-04
   0.31536000E+09       7   0.57958804E-04
   0.31536000E+09       8   0.43945117E-04
   0.31536000E+09       9   0.39008026E-04
   0.31536000E+09      10   0.31390669E-04
   0.31536000E+09      11   0.16373729E-04
   0.31536000E+09      12   0.52566429E-05
   0.31536000E+09      13   0.10387031E-05
   0.31536000E+09      14   0.15576775E-06
   0.31536000E+09      15   0.19623946E-07
   0.31536000E+09      16   0.21193161E-08
   0.31536000E+09      17   0.21460582E-09
   0.31536000E+09      18   0.18624581E-10
   0.31536000E+09      19   0.14468186E-11
   0.31536000E+09      20   0.97148609E-13
   0.31536000E+09      21   0.59268050E-14
   0.31536000E+09      22   0.33247333E-15
   0.31536000E+09      23   0.16071432E-16
   0.31536000E+09      24   0.65413505E-18
   0.31536000E+09      25   0.23195004E-19
   0.31536000E+09      26   0.68205288E-21
   0.31536000E+09      27   0.17298529E-22
   0.31536000E+09      28   0.38380175E-24
   0.31536000E+09      29   0.72526006E-26
   0.31536000E+09      30   0.11838768E-27
   0.31536000E+09      31   0.16152006E-29
   0.31536000E+09      32   0.18578600E-31
   0.31536000E+09      33   0.17824657E-33
   0.31536000E+09      34   0.14629401E-35
   0.31536000E+09      35   0.10607063E-37
   0.31536000E+09      36   0.48044628E-39
   0.31536000E+09      37   0.97318724E-39
   0.31536000E+09      38   0.20168946E-38
   0.31536000E+09      39   0.37564668E-38
   0.31536000E+09      40   0.44898700E-38
   0.31536000E+09      41   0.66030882E-38
   0.31536000E+09      42   0.83668905E-38
   0.31536000E+09      43   0.87882028E-38
   0.31536000E+09      44   0.55960743E-38
   0.31536000E+09      45   0.39062159E-38
   0.31536000E+09      46   0.22082822E-38
   0.31536000E+09      47   0.61303813E-39
   0.31536000E+09      48   0.15141832E-39
   0.31536000E+09      49   0.44019277E-40
   0.31536000E+09      50   0.71147287E-41
   0.31536000E+09      51   0.11469168E-41
   0.31536000E+09      52   0.86970748E-43
   0.31536000E+09      53   0.87418818E-44
   0.31536000E+09      54   0.88620587E-45
   0.31536000E+09      55   0.69547387E-46
   0.31536000E+09      56   0.73938876E-47
   0.31536000E+09      57   0.59636871E-48
   0.31536000E+09      58   0.63219433E-49
   0.31536000E+09      59   0.66265879E-50
   0.31536000E+09      60   0.31750221E-51

