   0.31536000E+09       1   0.25302405E+02
   0.31536000E+09       2   0.19229789E+02
   0.31536000E+09       3   0.17104903E+02
   0.31536000E+09       4   0.22054905E+02
   0.31536000E+09       5   0.30200756E+02
   0.31536000E+09       6   0.41979127E+02
   0.31536000E+09       7   0.59613202E+02
   0.31536000E+09       8   0.11887121E+03
   0.31536000E+09       9   0.21525657E+03
   0.31536000E+09      10   0.33044572E+03
   0.31536000E+09      11   0.42645879E+03
   0.31536000E+09      12   0.42376850E+03
   0.31536000E+09      13   0.33021794E+03
   0.31536000E+09      14   0.13759101E+03
   0.31536000E+09      15   0.65171698E+02
   0.31536000E+09      16   0.45454438E+02
   0.31536000E+09      17   0.50937955E+02
   0.31536000E+09      18   0.69106075E+02
   0.31536000E+09      19   0.91334056E+02
   0.31536000E+09      20   0.11923983E+03
   0.31536000E+09      21   0.13223180E+03
   0.31536000E+09      22   0.13753676E+03
   0.31536000E+09      23   0.14007921E+03
   0.31536000E+09      24   0.13272416E+03
   0.31536000E+09      25   0.11612903E+03
   0.31536000E+09      26   0.99461341E+02
   0.31536000E+09      27   0.85336485E+02
   0.31536000E+09      28   0.68100334E+02
   0.31536000E+09      29   0.51036275E+02
   0.31536000E+09      30   0.35680505E+02
   0.31536000E+09      31   0.25651441E+02
   0.31536000E+09      32   0.19339584E+02
   0.31536000E+09      33   0.17078918E+02
   0.31536000E+09      34   0.16409969E+02
   0.31536000E+09      35   0.17302227E+02
   0.31536000E+09      36   0.19827515E+02
   0.31536000E+09      37   0.22080269E+02
   0.31536000E+09      38   0.25819762E+02
   0.31536000E+09      39   0.29606175E+02
   0.31536000E+09      40   0.34621333E+02
   0.31536000E+09      41   0.39473311E+02
   0.31536000E+09      42   0.44849682E+02
   0.31536000E+09      43   0.49880826E+02
   0.31536000E+09      44   0.54936266E+02
   0.31536000E+09      45   0.59401264E+02
   0.31536000E+09      46   0.61899130E+02
   0.31536000E+09      47   0.64170641E+02
   0.31536000E+09      48   0.65118270E+02
   0.31536000E+09      49   0.69119811E+02
   0.31536000E+09      50   0.69222233E+02
   0.31536000E+09      51   0.67732360E+02
   0.31536000E+09      52   0.64034278E+02
   0.31536000E+09      53   0.62203153E+02
   0.31536000E+09      54   0.56792146E+02
   0.31536000E+09      55   0.51512793E+02
   0.31536000E+09      56   0.46943719E+02
   0.31536000E+09      57   0.43572763E+02
   0.31536000E+09      58   0.41792040E+02
   0.31536000E+09      59   0.39840524E+02
   0.31536000E+09      60   0.38009904E+02

