   0.31536000E+09       1   0.95923996E-04
   0.31536000E+09       2   0.25241239E-04
   0.31536000E+09       3   0.78505965E-05
   0.31536000E+09       4   0.32618665E-05
   0.31536000E+09       5   0.14085090E-05
   0.31536000E+09       6   0.62433392E-06
   0.31536000E+09       7   0.27256821E-06
   0.31536000E+09       8   0.12317151E-06
   0.31536000E+09       9   0.57560582E-07
   0.31536000E+09      10   0.26565297E-07
   0.31536000E+09      11   0.82752055E-08
   0.31536000E+09      12   0.15054074E-08
   0.31536000E+09      13   0.16375742E-09
   0.31536000E+09      14   0.12966427E-10
   0.31536000E+09      15   0.14428286E-11
   0.31536000E+09      16   0.72679818E-12
   0.31536000E+09      17   0.74680797E-12
   0.31536000E+09      18   0.76464579E-12
   0.31536000E+09      19   0.81333289E-12
   0.31536000E+09      20   0.83983054E-12
   0.31536000E+09      21   0.99385798E-12
   0.31536000E+09      22   0.11354497E-11
   0.31536000E+09      23   0.13496019E-11
   0.31536000E+09      24   0.14980622E-11
   0.31536000E+09      25   0.17199334E-11
   0.31536000E+09      26   0.19653875E-11
   0.31536000E+09      27   0.21813003E-11
   0.31536000E+09      28   0.23444833E-11
   0.31536000E+09      29   0.25232116E-11
   0.31536000E+09      30   0.27023447E-11
   0.31536000E+09      31   0.30886075E-11
   0.31536000E+09      32   0.34102494E-11
   0.31536000E+09      33   0.35396861E-11
   0.31536000E+09      34   0.37461046E-11
   0.31536000E+09      35   0.39630408E-11
   0.31536000E+09      36   0.41225094E-11
   0.31536000E+09      37   0.49884651E-11
   0.31536000E+09      38   0.58528372E-11
   0.31536000E+09      39   0.65783061E-11
   0.31536000E+09      40   0.71130479E-11
   0.31536000E+09      41   0.81485382E-11
   0.31536000E+09      42   0.95326941E-11
   0.31536000E+09      43   0.11118233E-10
   0.31536000E+09      44   0.11497854E-10
   0.31536000E+09      45   0.13641951E-10
   0.31536000E+09      46   0.15297124E-10
   0.31536000E+09      47   0.15597732E-10
   0.31536000E+09      48   0.15179329E-10
   0.31536000E+09      49   0.16159805E-10
   0.31536000E+09      50   0.14313781E-10
   0.31536000E+09      51   0.13743154E-10
   0.31536000E+09      52   0.99189983E-11
   0.31536000E+09      53   0.77469911E-11
   0.31536000E+09      54   0.60385319E-11
   0.31536000E+09      55   0.43310294E-11
   0.31536000E+09      56   0.34767033E-11
   0.31536000E+09      57   0.25645170E-11
   0.31536000E+09      58   0.19415178E-11
   0.31536000E+09      59   0.14637046E-11
   0.31536000E+09      60   0.97173700E-12

