   0.31536000E+09       1   0.17322138E-04
   0.31536000E+09       2   0.78759060E-05
   0.31536000E+09       3   0.38464187E-05
   0.31536000E+09       4   0.24795994E-05
   0.31536000E+09       5   0.16555547E-05
   0.31536000E+09       6   0.11350924E-05
   0.31536000E+09       7   0.75979562E-06
   0.31536000E+09       8   0.51893768E-06
   0.31536000E+09       9   0.36233319E-06
   0.31536000E+09      10   0.26601507E-06
   0.31536000E+09      11   0.15897023E-06
   0.31536000E+09      12   0.68135048E-07
   0.31536000E+09      13   0.19680444E-07
   0.31536000E+09      14   0.39915814E-08
   0.31536000E+09      15   0.66289721E-09
   0.31536000E+09      16   0.91268577E-10
   0.31536000E+09      17   0.10031314E-10
   0.31536000E+09      18   0.83227909E-12
   0.31536000E+09      19   0.51015898E-13
   0.31536000E+09      20   0.74827261E-14
   0.31536000E+09      21   0.88551376E-14
   0.31536000E+09      22   0.12336697E-13
   0.31536000E+09      23   0.16190802E-13
   0.31536000E+09      24   0.18230440E-13
   0.31536000E+09      25   0.19552660E-13
   0.31536000E+09      26   0.19172316E-13
   0.31536000E+09      27   0.17116736E-13
   0.31536000E+09      28   0.13727823E-13
   0.31536000E+09      29   0.10277349E-13
   0.31536000E+09      30   0.75029162E-14
   0.31536000E+09      31   0.58788281E-14
   0.31536000E+09      32   0.47605136E-14
   0.31536000E+09      33   0.40354090E-14
   0.31536000E+09      34   0.40413302E-14
   0.31536000E+09      35   0.44934096E-14
   0.31536000E+09      36   0.52215566E-14
   0.31536000E+09      37   0.74099370E-14
   0.31536000E+09      38   0.10360027E-13
   0.31536000E+09      39   0.14073689E-13
   0.31536000E+09      40   0.18549303E-13
   0.31536000E+09      41   0.26135688E-13
   0.31536000E+09      42   0.37534783E-13
   0.31536000E+09      43   0.53144102E-13
   0.31536000E+09      44   0.65551981E-13
   0.31536000E+09      45   0.91255219E-13
   0.31536000E+09      46   0.11775139E-12
   0.31536000E+09      47   0.13525210E-12
   0.31536000E+09      48   0.14572779E-12
   0.31536000E+09      49   0.16907273E-12
   0.31536000E+09      50   0.16106746E-12
   0.31536000E+09      51   0.16435488E-12
   0.31536000E+09      52   0.12467067E-12
   0.31536000E+09      53   0.10141641E-12
   0.31536000E+09      54   0.81740630E-13
   0.31536000E+09      55   0.60273687E-13
   0.31536000E+09      56   0.49475394E-13
   0.31536000E+09      57   0.37129088E-13
   0.31536000E+09      58   0.28468099E-13
   0.31536000E+09      59   0.21645157E-13
   0.31536000E+09      60   0.14430262E-13

