   0.31536000E+09       1   0.10908771E+01
   0.31536000E+09       2   0.41942214E+00
   0.31536000E+09       3   0.17900944E+00
   0.31536000E+09       4   0.77513001E-01
   0.31536000E+09       5   0.33802299E-01
   0.31536000E+09       6   0.14825997E-01
   0.31536000E+09       7   0.66321007E-02
   0.31536000E+09       8   0.30707112E-02
   0.31536000E+09       9   0.14654880E-02
   0.31536000E+09      10   0.62815363E-03
   0.31536000E+09      11   0.18677872E-03
   0.31536000E+09      12   0.33283054E-04
   0.31536000E+09      13   0.36960944E-05
   0.31536000E+09      14   0.29811012E-06
   0.31536000E+09      15   0.20423033E-07
   0.31536000E+09      16   0.12432308E-08
   0.31536000E+09      17   0.70781351E-10
   0.31536000E+09      18   0.37890159E-11
   0.31536000E+09      19   0.19534025E-12
   0.31536000E+09      20   0.96610417E-14
   0.31536000E+09      21   0.47823182E-15
   0.31536000E+09      22   0.23787523E-16
   0.31536000E+09      23   0.11067944E-17
   0.31536000E+09      24   0.48035283E-19
   0.31536000E+09      25   0.19203827E-20
   0.31536000E+09      26   0.68874902E-22
   0.31536000E+09      27   0.23147201E-23
   0.31536000E+09      28   0.71878607E-25
   0.31536000E+09      29   0.20011945E-26
   0.31536000E+09      30   0.52021071E-28
   0.31536000E+09      31   0.12310172E-29
   0.31536000E+09      32   0.27182609E-31
   0.31536000E+09      33   0.54740069E-33
   0.31536000E+09      34   0.10740533E-34
   0.31536000E+09      35   0.21183941E-36
   0.31536000E+09      36   0.14291091E-37
   0.31536000E+09      37   0.38806986E-37
   0.31536000E+09      38   0.13913997E-36
   0.31536000E+09      39   0.48589989E-36
   0.31536000E+09      40   0.11885656E-35
   0.31536000E+09      41   0.40507068E-35
   0.31536000E+09      42   0.13838052E-34
   0.31536000E+09      43   0.46092017E-34
   0.31536000E+09      44   0.10758549E-33
   0.31536000E+09      45   0.33261951E-33
   0.31536000E+09      46   0.98528495E-33
   0.31536000E+09      47   0.15875808E-32
   0.31536000E+09      48   0.24762804E-32
   0.31536000E+09      49   0.49199628E-32
   0.31536000E+09      50   0.55666331E-32
   0.31536000E+09      51   0.59962571E-32
   0.31536000E+09      52   0.29064018E-32
   0.31536000E+09      53   0.19758919E-32
   0.31536000E+09      54   0.12920764E-32
   0.31536000E+09      55   0.61896812E-33
   0.31536000E+09      56   0.39593460E-33
   0.31536000E+09      57   0.19301584E-33
   0.31536000E+09      58   0.12964524E-33
   0.31536000E+09      59   0.86337412E-34
   0.31536000E+09      60   0.24278408E-34

