   0.31536000E+09       1   0.86254532E+08
   0.31536000E+09       2   0.28728346E+08
   0.31536000E+09       3   0.10405488E+08
   0.31536000E+09       4   0.36698192E+07
   0.31536000E+09       5   0.12743696E+07
   0.31536000E+09       6   0.43099132E+06
   0.31536000E+09       7   0.14610091E+06
   0.31536000E+09       8   0.50190995E+05
   0.31536000E+09       9   0.17376148E+05
   0.31536000E+09      10   0.50465016E+04
   0.31536000E+09      11   0.90657036E+03
   0.31536000E+09      12   0.85628001E+02
   0.31536000E+09      13   0.44024803E+01
   0.31536000E+09      14   0.13845679E+00
   0.31536000E+09      15   0.29756189E-02
   0.31536000E+09      16   0.44898925E-04
   0.31536000E+09      17   0.47547092E-06
   0.31536000E+09      18   0.36052570E-08
   0.31536000E+09      19   0.20220300E-10
   0.31536000E+09      20   0.87900040E-13
   0.31536000E+09      21   0.30728859E-15
   0.31536000E+09      22   0.86296690E-18
   0.31536000E+09      23   0.19702017E-20
   0.31536000E+09      24   0.37330425E-23
   0.31536000E+09      25   0.58187204E-26
   0.31536000E+09      26   0.75157708E-29
   0.31536000E+09      27   0.82908219E-32
   0.31536000E+09      28   0.77472094E-35
   0.31536000E+09      29   0.59998538E-38
   0.31536000E+09      30   0.21685981E-40
   0.31536000E+09      31   0.31521854E-40
   0.31536000E+09      32   0.58636681E-40
   0.31536000E+09      33   0.11962489E-39
   0.31536000E+09      34   0.27645317E-39
   0.31536000E+09      35   0.68466794E-39
   0.31536000E+09      36   0.17928950E-38
   0.31536000E+09      37   0.87059692E-38
   0.31536000E+09      38   0.42334997E-37
   0.31536000E+09      39   0.19818753E-36
   0.31536000E+09      40   0.50932939E-36
   0.31536000E+09      41   0.22382638E-35
   0.31536000E+09      42   0.92476761E-35
   0.31536000E+09      43   0.36482081E-34
   0.31536000E+09      44   0.83502559E-34
   0.31536000E+09      45   0.31379618E-33
   0.31536000E+09      46   0.11455036E-32
   0.31536000E+09      47   0.15074781E-32
   0.31536000E+09      48   0.20167186E-32
   0.31536000E+09      49   0.44589932E-32
   0.31536000E+09      50   0.36828053E-32
   0.31536000E+09      51   0.31480052E-32
   0.31536000E+09      52   0.58274080E-33
   0.31536000E+09      53   0.16279218E-33
   0.31536000E+09      54   0.45592488E-34
   0.31536000E+09      55   0.74344988E-35
   0.31536000E+09      56   0.19879746E-35
   0.31536000E+09      57   0.29083593E-36
   0.31536000E+09      58   0.69298517E-37
   0.31536000E+09      59   0.16162224E-37
   0.31536000E+09      60   0.59463167E-39

