   0.31536000E+09       1   0.20179820E+08
   0.31536000E+09       2   0.19375401E+08
   0.31536000E+09       3   0.19829351E+08
   0.31536000E+09       4   0.20610794E+08
   0.31536000E+09       5   0.21619374E+08
   0.31536000E+09       6   0.22550276E+08
   0.31536000E+09       7   0.23479159E+08
   0.31536000E+09       8   0.24344563E+08
   0.31536000E+09       9   0.25407840E+08
   0.31536000E+09      10   0.27997020E+08
   0.31536000E+09      11   0.36277951E+08
   0.31536000E+09      12   0.56199128E+08
   0.31536000E+09      13   0.95454379E+08
   0.31536000E+09      14   0.11840915E+09
   0.31536000E+09      15   0.13717861E+09
   0.31536000E+09      16   0.15289077E+09
   0.31536000E+09      17   0.16229439E+09
   0.31536000E+09      18   0.16503316E+09
   0.31536000E+09      19   0.16300927E+09
   0.31536000E+09      20   0.15540566E+09
   0.31536000E+09      21   0.14225756E+09
   0.31536000E+09      22   0.12629893E+09
   0.31536000E+09      23   0.10898079E+09
   0.31536000E+09      24   0.92067647E+08
   0.31536000E+09      25   0.75169904E+08
   0.31536000E+09      26   0.59743851E+08
   0.31536000E+09      27   0.46289015E+08
   0.31536000E+09      28   0.34628426E+08
   0.31536000E+09      29   0.25191188E+08
   0.31536000E+09      30   0.17468950E+08
   0.31536000E+09      31   0.12091101E+08
   0.31536000E+09      32   0.83093807E+07
   0.31536000E+09      33   0.56609032E+07
   0.31536000E+09      34   0.38245311E+07
   0.31536000E+09      35   0.25402805E+07
   0.31536000E+09      36   0.16888034E+07
   0.31536000E+09      37   0.11117842E+07
   0.31536000E+09      38   0.72604625E+06
   0.31536000E+09      39   0.46758467E+06
   0.31536000E+09      40   0.30044192E+06
   0.31536000E+09      41   0.19134048E+06
   0.31536000E+09      42   0.12106447E+06
   0.31536000E+09      43   0.76371047E+05
   0.31536000E+09      44   0.47933528E+05
   0.31536000E+09      45   0.29838860E+05
   0.31536000E+09      46   0.18644903E+05
   0.31536000E+09      47   0.11514934E+05
   0.31536000E+09      48   0.70208878E+04
   0.31536000E+09      49   0.42443457E+04
   0.31536000E+09      50   0.24848499E+04
   0.31536000E+09      51   0.14619958E+04
   0.31536000E+09      52   0.84351331E+03
   0.31536000E+09      53   0.49183845E+03
   0.31536000E+09      54   0.27912604E+03
   0.31536000E+09      55   0.15655337E+03
   0.31536000E+09      56   0.88217226E+02
   0.31536000E+09      57   0.49597088E+02
   0.31536000E+09      58   0.27538240E+02
   0.31536000E+09      59   0.15331594E+02
   0.31536000E+09      60   0.82232231E+01

