   0.31536000E+09       1   0.34275651E+05
   0.31536000E+09       2   0.29648451E+05
   0.31536000E+09       3   0.25410797E+05
   0.31536000E+09       4   0.21506477E+05
   0.31536000E+09       5   0.18135588E+05
   0.31536000E+09       6   0.15086653E+05
   0.31536000E+09       7   0.12436686E+05
   0.31536000E+09       8   0.10130149E+05
   0.31536000E+09       9   0.81418934E+04
   0.31536000E+09      10   0.62844941E+04
   0.31536000E+09      11   0.43654107E+04
   0.31536000E+09      12   0.23661147E+04
   0.31536000E+09      13   0.86481887E+03
   0.31536000E+09      14   0.19251082E+03
   0.31536000E+09      15   0.27014500E+02
   0.31536000E+09      16   0.24955955E+01
   0.31536000E+09      17   0.15745495E+00
   0.31536000E+09      18   0.73439317E-02
   0.31536000E+09      19   0.26428012E-03
   0.31536000E+09      20   0.74552884E-05
   0.31536000E+09      21   0.16099727E-06
   0.31536000E+09      22   0.25825504E-08
   0.31536000E+09      23   0.31143927E-10
   0.31536000E+09      24   0.28897940E-12
   0.31536000E+09      25   0.20695859E-14
   0.31536000E+09      26   0.11688150E-16
   0.31536000E+09      27   0.54100013E-19
   0.31536000E+09      28   0.20553140E-21
   0.31536000E+09      29   0.62970669E-24
   0.31536000E+09      30   0.15554020E-26
   0.31536000E+09      31   0.31509797E-29
   0.31536000E+09      32   0.52996146E-32
   0.31536000E+09      33   0.44042179E-34
   0.31536000E+09      34   0.20348226E-34
   0.31536000E+09      35   0.14922265E-34
   0.31536000E+09      36   0.17459333E-34
   0.31536000E+09      37   0.32788957E-34
   0.31536000E+09      38   0.71673098E-34
   0.31536000E+09      39   0.15712232E-33
   0.31536000E+09      40   0.29960772E-33
   0.31536000E+09      41   0.61274948E-33
   0.31536000E+09      42   0.11851300E-32
   0.31536000E+09      43   0.21539859E-32
   0.31536000E+09      44   0.34418553E-32
   0.31536000E+09      45   0.57998842E-32
   0.31536000E+09      46   0.95163576E-32
   0.31536000E+09      47   0.13081181E-31
   0.31536000E+09      48   0.18190112E-31
   0.31536000E+09      49   0.26150719E-31
   0.31536000E+09      50   0.33617564E-31
   0.31536000E+09      51   0.43300562E-31
   0.31536000E+09      52   0.45421781E-31
   0.31536000E+09      53   0.48307205E-31
   0.31536000E+09      54   0.51496729E-31
   0.31536000E+09      55   0.49007178E-31
   0.31536000E+09      56   0.50943525E-31
   0.31536000E+09      57   0.45550355E-31
   0.31536000E+09      58   0.43115855E-31
   0.31536000E+09      59   0.40516492E-31
   0.31536000E+09      60   0.30881344E-31

