   0.31536000E+09       1   0.36226094E+11
   0.31536000E+09       2   0.31624209E+11
   0.31536000E+09       3   0.27579028E+11
   0.31536000E+09       4   0.23936875E+11
   0.31536000E+09       5   0.20862346E+11
   0.31536000E+09       6   0.18085274E+11
   0.31536000E+09       7   0.15675170E+11
   0.31536000E+09       8   0.13551292E+11
   0.31536000E+09       9   0.11710653E+11
   0.31536000E+09      10   0.10082939E+11
   0.31536000E+09      11   0.87276678E+10
   0.31536000E+09      12   0.74885555E+10
   0.31536000E+09      13   0.63515134E+10
   0.31536000E+09      14   0.53177914E+10
   0.31536000E+09      15   0.44041221E+10
   0.31536000E+09      16   0.36213290E+10
   0.31536000E+09      17   0.29671525E+10
   0.31536000E+09      18   0.24162715E+10
   0.31536000E+09      19   0.19719568E+10
   0.31536000E+09      20   0.16157127E+10
   0.31536000E+09      21   0.13271887E+10
   0.31536000E+09      22   0.10927572E+10
   0.31536000E+09      23   0.90922506E+09
   0.31536000E+09      24   0.75775579E+09
   0.31536000E+09      25   0.63414590E+09
   0.31536000E+09      26   0.53214208E+09
   0.31536000E+09      27   0.44816313E+09
   0.31536000E+09      28   0.37858751E+09
   0.31536000E+09      29   0.32070035E+09
   0.31536000E+09      30   0.27191112E+09
   0.31536000E+09      31   0.23198313E+09
   0.31536000E+09      32   0.19845014E+09
   0.31536000E+09      33   0.17007016E+09
   0.31536000E+09      34   0.14589057E+09
   0.31536000E+09      35   0.12540409E+09
   0.31536000E+09      36   0.10867204E+09
   0.31536000E+09      37   0.93932424E+08
   0.31536000E+09      38   0.82098103E+08
   0.31536000E+09      39   0.71294074E+08
   0.31536000E+09      40   0.62216255E+08
   0.31536000E+09      41   0.54401522E+08
   0.31536000E+09      42   0.47682114E+08
   0.31536000E+09      43   0.41903947E+08
   0.31536000E+09      44   0.36918099E+08
   0.31536000E+09      45   0.32588803E+08
   0.31536000E+09      46   0.28741202E+08
   0.31536000E+09      47   0.25254911E+08
   0.31536000E+09      48   0.22164903E+08
   0.31536000E+09      49   0.19509116E+08
   0.31536000E+09      50   0.17030364E+08
   0.31536000E+09      51   0.14860310E+08
   0.31536000E+09      52   0.12762116E+08
   0.31536000E+09      53   0.10986429E+08
   0.31536000E+09      54   0.94163719E+07
   0.31536000E+09      55   0.80877871E+07
   0.31536000E+09      56   0.69304893E+07
   0.31536000E+09      57   0.59766171E+07
   0.31536000E+09      58   0.51374675E+07
   0.31536000E+09      59   0.44168984E+07
   0.31536000E+09      60   0.37413337E+07

