   0.31536000E+09       1   0.43474272E+09
   0.31536000E+09       2   0.30008073E+09
   0.31536000E+09       3   0.20496977E+09
   0.31536000E+09       4   0.14770759E+09
   0.31536000E+09       5   0.11013976E+09
   0.31536000E+09       6   0.83875422E+08
   0.31536000E+09       7   0.64703298E+08
   0.31536000E+09       8   0.50363124E+08
   0.31536000E+09       9   0.39507020E+08
   0.31536000E+09      10   0.30601855E+08
   0.31536000E+09      11   0.22309021E+08
   0.31536000E+09      12   0.13677481E+08
   0.31536000E+09      13   0.22951902E+03
   0.31536000E+09      14   0.31286236E+03
   0.31536000E+09      15   0.43448971E+03
   0.31536000E+09      16   0.59473323E+03
   0.31536000E+09      17   0.80450641E+03
   0.31536000E+09      18   0.11304583E+04
   0.31536000E+09      19   0.15604669E+04
   0.31536000E+09      20   0.22105147E+04
   0.31536000E+09      21   0.39705567E+04
   0.31536000E+09      22   0.80306030E+04
   0.31536000E+09      23   0.18700689E+05
   0.31536000E+09      24   0.37800767E+05
   0.31536000E+09      25   0.71200845E+05
   0.31536000E+09      26   0.12500095E+06
   0.31536000E+09      27   0.22000108E+06
   0.31536000E+09      28   0.42800112E+06
   0.31536000E+09      29   0.72700146E+06
   0.31536000E+09      30   0.12800021E+07
   0.31536000E+09      31   0.24000022E+07
   0.31536000E+09      32   0.39300013E+07
   0.31536000E+09      33   0.52906836E+07
   0.31536000E+09      34   0.59301043E+07
   0.31536000E+09      35   0.60652597E+07
   0.31536000E+09      36   0.58943230E+07
   0.31536000E+09      37   0.54761250E+07
   0.31536000E+09      38   0.49937827E+07
   0.31536000E+09      39   0.44156837E+07
   0.31536000E+09      40   0.38470095E+07
   0.31536000E+09      41   0.32966893E+07
   0.31536000E+09      42   0.27849388E+07
   0.31536000E+09      43   0.23237566E+07
   0.31536000E+09      44   0.19190903E+07
   0.31536000E+09      45   0.15675467E+07
   0.31536000E+09      46   0.12659004E+07
   0.31536000E+09      47   0.10122664E+07
   0.31536000E+09      48   0.80405757E+06
   0.31536000E+09      49   0.63868032E+06
   0.31536000E+09      50   0.50221458E+06
   0.31536000E+09      51   0.39508978E+06
   0.31536000E+09      52   0.30743049E+06
   0.31536000E+09      53   0.24127986E+06
   0.31536000E+09      54   0.18979208E+06
   0.31536000E+09      55   0.15060953E+06
   0.31536000E+09      56   0.12038510E+06
   0.31536000E+09      57   0.98015040E+05
   0.31536000E+09      58   0.80608840E+05
   0.31536000E+09      59   0.67219871E+05
   0.31536000E+09      60   0.56057342E+05

