   0.31536000E+09       1   0.92390206E+08
   0.31536000E+09       2   0.38768535E+08
   0.31536000E+09       3   0.17909299E+08
   0.31536000E+09       4   0.85531279E+07
   0.31536000E+09       5   0.41722488E+07
   0.31536000E+09       6   0.20632254E+07
   0.31536000E+09       7   0.10471633E+07
   0.31536000E+09       8   0.55039096E+06
   0.31536000E+09       9   0.29811551E+06
   0.31536000E+09      10   0.15028459E+06
   0.31536000E+09      11   0.59090058E+05
   0.31536000E+09      12   0.15589006E+05
   0.31536000E+09      13   0.27709011E+04
   0.31536000E+09      14   0.37362428E+03
   0.31536000E+09      15   0.43535382E+02
   0.31536000E+09      16   0.45281926E+01
   0.31536000E+09      17   0.43525671E+00
   0.31536000E+09      18   0.38166953E-01
   0.31536000E+09      19   0.30914192E-02
   0.31536000E+09      20   0.22724253E-03
   0.31536000E+09      21   0.15509568E-04
   0.31536000E+09      22   0.96884179E-06
   0.31536000E+09      23   0.51921845E-07
   0.31536000E+09      24   0.23569641E-08
   0.31536000E+09      25   0.89899921E-10
   0.31536000E+09      26   0.28394730E-11
   0.31536000E+09      27   0.76837241E-13
   0.31536000E+09      28   0.17868249E-14
   0.31536000E+09      29   0.35439219E-16
   0.31536000E+09      30   0.67316125E-18
   0.31536000E+09      31   0.49027738E-19
   0.31536000E+09      32   0.23509254E-19
   0.31536000E+09      33   0.13180630E-19
   0.31536000E+09      34   0.61830657E-20
   0.31536000E+09      35   0.26133473E-20
   0.31536000E+09      36   0.10610916E-20
   0.31536000E+09      37   0.41097780E-21
   0.31536000E+09      38   0.15910811E-21
   0.31536000E+09      39   0.53926328E-22
   0.31536000E+09      40   0.14518370E-22
   0.31536000E+09      41   0.38099304E-23
   0.31536000E+09      42   0.87435151E-24
   0.31536000E+09      43   0.17098795E-24
   0.31536000E+09      44   0.27761411E-25
   0.31536000E+09      45   0.42186179E-26
   0.31536000E+09      46   0.51894906E-27
   0.31536000E+09      47   0.49202573E-28
   0.31536000E+09      48   0.41856040E-29
   0.31536000E+09      49   0.37915196E-30
   0.31536000E+09      50   0.27462167E-31
   0.31536000E+09      51   0.19819287E-32
   0.31536000E+09      52   0.11821347E-33
   0.31536000E+09      53   0.64577574E-35
   0.31536000E+09      54   0.38601256E-36
   0.31536000E+09      55   0.22584344E-37
   0.31536000E+09      56   0.14817825E-38
   0.31536000E+09      57   0.88912757E-40
   0.31536000E+09      58   0.57388127E-41
   0.31536000E+09      59   0.36883131E-42
   0.31536000E+09      60   0.23290067E-43

