   0.31536000E+09       1   0.11404991E-05
   0.31536000E+09       2   0.32542111E-06
   0.31536000E+09       3   0.11088549E-06
   0.31536000E+09       4   0.50549312E-07
   0.31536000E+09       5   0.23954870E-07
   0.31536000E+09       6   0.11654393E-07
   0.31536000E+09       7   0.55900171E-08
   0.31536000E+09       8   0.27755243E-08
   0.31536000E+09       9   0.14242683E-08
   0.31536000E+09      10   0.72700005E-09
   0.31536000E+09      11   0.25702979E-09
   0.31536000E+09      12   0.54348994E-10
   0.31536000E+09      13   0.69559014E-11
   0.31536000E+09      14   0.62504988E-12
   0.31536000E+09      15   0.48521249E-13
   0.31536000E+09      16   0.34105270E-14
   0.31536000E+09      17   0.22466429E-15
   0.31536000E+09      18   0.13929407E-16
   0.31536000E+09      19   0.79718234E-18
   0.31536000E+09      20   0.42947969E-19
   0.31536000E+09      21   0.20282482E-20
   0.31536000E+09      22   0.88035505E-22
   0.31536000E+09      23   0.36649983E-23
   0.31536000E+09      24   0.13239071E-24
   0.31536000E+09      25   0.41642034E-26
   0.31536000E+09      26   0.11263731E-27
   0.31536000E+09      27   0.25655125E-29
   0.31536000E+09      28   0.51426594E-31
   0.31536000E+09      29   0.88268105E-33
   0.31536000E+09      30   0.12468490E-34
   0.31536000E+09      31   0.15069903E-36
   0.31536000E+09      32   0.14944186E-38
   0.31536000E+09      33   0.12739852E-40
   0.31536000E+09      34   0.86989520E-43
   0.31536000E+09      35   0.50292577E-45
   0.31536000E+09      36   0.24935713E-47
   0.31536000E+09      37   0.99351710E-50
   0.31536000E+09      38   0.23145872E-51
   0.31536000E+09      39   0.12538173E-51
   0.31536000E+09      40   0.48104520E-52
   0.31536000E+09      41   0.18028341E-52
   0.31536000E+09      42   0.48254595E-53
   0.31536000E+09      43   0.89636574E-54
   0.31536000E+09      44   0.10339954E-54
   0.31536000E+09      45   0.10480115E-55
   0.31536000E+09      46   0.69998874E-57
   0.31536000E+09      47   0.24745121E-58
   0.31536000E+09      48   0.73640244E-60
   0.31536000E+09      49   0.24698072E-61
   0.31536000E+09      50   0.48058220E-63
   0.31536000E+09      51   0.10027042E-64
   0.31536000E+09      52   0.12077622E-66
   0.31536000E+09      53   0.14145020E-68
   0.31536000E+09      54   0.20524139E-70
   0.31536000E+09      55   0.24814129E-72
   0.31536000E+09      56   0.41817693E-74
   0.31536000E+09      57   0.47584183E-76
   0.31536000E+09      58   0.70355460E-78
   0.31536000E+09      59   0.95242124E-80
   0.31536000E+09      60   0.90417016E-82

