   0.31536000E+09       1   0.91913440E+10
   0.31536000E+09       2   0.80434464E+10
   0.31536000E+09       3   0.70290473E+10
   0.31536000E+09       4   0.61109816E+10
   0.31536000E+09       5   0.53326538E+10
   0.31536000E+09       6   0.46270725E+10
   0.31536000E+09       7   0.40135412E+10
   0.31536000E+09       8   0.34721486E+10
   0.31536000E+09       9   0.30023122E+10
   0.31536000E+09      10   0.25868439E+10
   0.31536000E+09      11   0.22419707E+10
   0.31536000E+09      12   0.19283731E+10
   0.31536000E+09      13   0.16425595E+10
   0.31536000E+09      14   0.13838790E+10
   0.31536000E+09      15   0.11549444E+10
   0.31536000E+09      16   0.95791020E+09
   0.31536000E+09      17   0.79197689E+09
   0.31536000E+09      18   0.65077396E+09
   0.31536000E+09      19   0.53573354E+09
   0.31536000E+09      20   0.44249691E+09
   0.31536000E+09      21   0.36616040E+09
   0.31536000E+09      22   0.30350003E+09
   0.31536000E+09      23   0.25404830E+09
   0.31536000E+09      24   0.21287390E+09
   0.31536000E+09      25   0.17902151E+09
   0.31536000E+09      26   0.15089714E+09
   0.31536000E+09      27   0.12760097E+09
   0.31536000E+09      28   0.10819177E+09
   0.31536000E+09      29   0.91965367E+08
   0.31536000E+09      30   0.78224028E+08
   0.31536000E+09      31   0.66933746E+08
   0.31536000E+09      32   0.57414511E+08
   0.31536000E+09      33   0.49328189E+08
   0.31536000E+09      34   0.42413825E+08
   0.31536000E+09      35   0.36536022E+08
   0.31536000E+09      36   0.31722626E+08
   0.31536000E+09      37   0.27467878E+08
   0.31536000E+09      38   0.24045271E+08
   0.31536000E+09      39   0.20910478E+08
   0.31536000E+09      40   0.18271325E+08
   0.31536000E+09      41   0.15994690E+08
   0.31536000E+09      42   0.14033458E+08
   0.31536000E+09      43   0.12343970E+08
   0.31536000E+09      44   0.10883943E+08
   0.31536000E+09      45   0.96143050E+07
   0.31536000E+09      46   0.84843181E+07
   0.31536000E+09      47   0.74592211E+07
   0.31536000E+09      48   0.65496683E+07
   0.31536000E+09      49   0.57672011E+07
   0.31536000E+09      50   0.50362677E+07
   0.31536000E+09      51   0.43958869E+07
   0.31536000E+09      52   0.37762971E+07
   0.31536000E+09      53   0.32516380E+07
   0.31536000E+09      54   0.27874991E+07
   0.31536000E+09      55   0.23946274E+07
   0.31536000E+09      56   0.20522540E+07
   0.31536000E+09      57   0.17700069E+07
   0.31536000E+09      58   0.15216152E+07
   0.31536000E+09      59   0.13082739E+07
   0.31536000E+09      60   0.11082401E+07

