   0.31536000E+09       1   0.11427868E+00
   0.31536000E+09       2   0.38870452E-01
   0.31536000E+09       3   0.15696964E-01
   0.31536000E+09       4   0.80012548E-02
   0.31536000E+09       5   0.46371618E-02
   0.31536000E+09       6   0.28439639E-02
   0.31536000E+09       7   0.18237632E-02
   0.31536000E+09       8   0.12309370E-02
   0.31536000E+09       9   0.88676609E-03
   0.31536000E+09      10   0.71480821E-03
   0.31536000E+09      11   0.55865337E-03
   0.31536000E+09      12   0.47268249E-03
   0.31536000E+09      13   0.41598590E-03
   0.31536000E+09      14   0.36330126E-03
   0.31536000E+09      15   0.32442023E-03
   0.31536000E+09      16   0.30598747E-03
   0.31536000E+09      17   0.29873740E-03
   0.31536000E+09      18   0.30637193E-03
   0.31536000E+09      19   0.32011107E-03
   0.31536000E+09      20   0.34989642E-03
   0.31536000E+09      21   0.36869346E-03
   0.31536000E+09      22   0.38534659E-03
   0.31536000E+09      23   0.44198698E-03
   0.31536000E+09      24   0.49897122E-03
   0.31536000E+09      25   0.56348743E-03
   0.31536000E+09      26   0.63530551E-03
   0.31536000E+09      27   0.67432495E-03
   0.31536000E+09      28   0.71214201E-03
   0.31536000E+09      29   0.74615665E-03
   0.31536000E+09      30   0.73201415E-03
   0.31536000E+09      31   0.72673858E-03
   0.31536000E+09      32   0.67637234E-03
   0.31536000E+09      33   0.62107767E-03
   0.31536000E+09      34   0.51082217E-03
   0.31536000E+09      35   0.39927887E-03
   0.31536000E+09      36   0.29858651E-03
   0.31536000E+09      37   0.20040784E-03
   0.31536000E+09      38   0.12986862E-03
   0.31536000E+09      39   0.75675982E-04
   0.31536000E+09      40   0.39351961E-04
   0.31536000E+09      41   0.17986107E-04
   0.31536000E+09      42   0.70502870E-05
   0.31536000E+09      43   0.22938431E-05
   0.31536000E+09      44   0.64300762E-06
   0.31536000E+09      45   0.14737028E-06
   0.31536000E+09      46   0.26709301E-07
   0.31536000E+09      47   0.42989998E-08
   0.31536000E+09      48   0.60930771E-09
   0.31536000E+09      49   0.80503692E-10
   0.31536000E+09      50   0.98232011E-11
   0.31536000E+09      51   0.11983123E-11
   0.31536000E+09      52   0.15713968E-12
   0.31536000E+09      53   0.19638996E-13
   0.31536000E+09      54   0.26724622E-14
   0.31536000E+09      55   0.37439586E-15
   0.31536000E+09      56   0.55524350E-16
   0.31536000E+09      57   0.79062757E-17
   0.31536000E+09      58   0.11913915E-17
   0.31536000E+09      59   0.17086999E-18
   0.31536000E+09      60   0.31793168E-19

