   0.31536000E+09       1   0.34307966E-01
   0.31536000E+09       2   0.13872496E-01
   0.31536000E+09       3   0.68673575E-02
   0.31536000E+09       4   0.48424427E-02
   0.31536000E+09       5   0.38007505E-02
   0.31536000E+09       6   0.33835102E-02
   0.31536000E+09       7   0.34952339E-02
   0.31536000E+09       8   0.41984854E-02
   0.31536000E+09       9   0.61168506E-02
   0.31536000E+09      10   0.96774724E-02
   0.31536000E+09      11   0.14057974E-01
   0.31536000E+09      12   0.20112910E-01
   0.31536000E+09      13   0.30663368E-01
   0.31536000E+09      14   0.53332376E-01
   0.31536000E+09      15   0.10231153E+00
   0.31536000E+09      16   0.20257461E+00
   0.31536000E+09      17   0.42674872E+00
   0.31536000E+09      18   0.91377870E+00
   0.31536000E+09      19   0.19874283E+01
   0.31536000E+09      20   0.42353852E+01
   0.31536000E+09      21   0.82287507E+01
   0.31536000E+09      22   0.14886366E+02
   0.31536000E+09      23   0.24604052E+02
   0.31536000E+09      24   0.36408295E+02
   0.31536000E+09      25   0.48621642E+02
   0.31536000E+09      26   0.57652176E+02
   0.31536000E+09      27   0.62555396E+02
   0.31536000E+09      28   0.60811569E+02
   0.31536000E+09      29   0.53393658E+02
   0.31536000E+09      30   0.44567109E+02
   0.31536000E+09      31   0.34544248E+02
   0.31536000E+09      32   0.28225343E+02
   0.31536000E+09      33   0.25266770E+02
   0.31536000E+09      34   0.25690284E+02
   0.31536000E+09      35   0.28587718E+02
   0.31536000E+09      36   0.33068505E+02
   0.31536000E+09      37   0.38016585E+02
   0.31536000E+09      38   0.44529423E+02
   0.31536000E+09      39   0.52069998E+02
   0.31536000E+09      40   0.62893474E+02
   0.31536000E+09      41   0.73209279E+02
   0.31536000E+09      42   0.84598964E+02
   0.31536000E+09      43   0.95804320E+02
   0.31536000E+09      44   0.10967570E+03
   0.31536000E+09      45   0.11885831E+03
   0.31536000E+09      46   0.12610318E+03
   0.31536000E+09      47   0.14072618E+03
   0.31536000E+09      48   0.15468823E+03
   0.31536000E+09      49   0.15948295E+03
   0.31536000E+09      50   0.17676160E+03
   0.31536000E+09      51   0.19232030E+03
   0.31536000E+09      52   0.23495528E+03
   0.31536000E+09      53   0.27625893E+03
   0.31536000E+09      54   0.32131167E+03
   0.31536000E+09      55   0.38434220E+03
   0.31536000E+09      56   0.44302506E+03
   0.31536000E+09      57   0.52877569E+03
   0.31536000E+09      58   0.60512779E+03
   0.31536000E+09      59   0.69104801E+03
   0.31536000E+09      60   0.92726982E+03

