   0.31536000E+09       1   0.28801408E-05
   0.31536000E+09       2   0.11058147E-05
   0.31536000E+09       3   0.47140744E-06
   0.31536000E+09       4   0.20392481E-06
   0.31536000E+09       5   0.88861184E-07
   0.31536000E+09       6   0.38950134E-07
   0.31536000E+09       7   0.17410783E-07
   0.31536000E+09       8   0.80534339E-08
   0.31536000E+09       9   0.38381559E-08
   0.31536000E+09      10   0.16413669E-08
   0.31536000E+09      11   0.48593960E-09
   0.31536000E+09      12   0.85900411E-10
   0.31536000E+09      13   0.94069958E-11
   0.31536000E+09      14   0.73939496E-12
   0.31536000E+09      15   0.48229879E-13
   0.31536000E+09      16   0.26713739E-14
   0.31536000E+09      17   0.12671082E-15
   0.31536000E+09      18   0.49146235E-17
   0.31536000E+09      19   0.14999339E-18
   0.31536000E+09      20   0.34660911E-20
   0.31536000E+09      21   0.60258604E-22
   0.31536000E+09      22   0.77764937E-24
   0.31536000E+09      23   0.73286780E-26
   0.31536000E+09      24   0.51538057E-28
   0.31536000E+09      25   0.27468431E-30
   0.31536000E+09      26   0.11297815E-32
   0.31536000E+09      27   0.37185371E-35
   0.31536000E+09      28   0.10039636E-37
   0.31536000E+09      29   0.22406871E-40
   0.31536000E+09      30   0.42632677E-43
   0.31536000E+09      31   0.70772014E-46
   0.31536000E+09      32   0.10370024E-48
   0.31536000E+09      33   0.13579352E-51
   0.31536000E+09      34   0.16251949E-54
   0.31536000E+09      35   0.18793493E-57
   0.31536000E+09      36   0.12525560E-59
   0.31536000E+09      37   0.16313712E-60
   0.31536000E+09      38   0.22060172E-61
   0.31536000E+09      39   0.24032194E-62
   0.31536000E+09      40   0.15907824E-63
   0.31536000E+09      41   0.11024919E-64
   0.31536000E+09      42   0.59173066E-66
   0.31536000E+09      43   0.24488621E-67
   0.31536000E+09      44   0.64699082E-69
   0.31536000E+09      45   0.16963257E-70
   0.31536000E+09      46   0.34068885E-72
   0.31536000E+09      47   0.36622336E-74
   0.31536000E+09      48   0.35032243E-76
   0.31536000E+09      49   0.42985022E-78
   0.31536000E+09      50   0.66782948E-80
   0.31536000E+09      51   0.49367330E-81
   0.31536000E+09      52   0.22824594E-82
   0.31536000E+09      53   0.14905473E-83
   0.31536000E+09      54   0.10294148E-84
   0.31536000E+09      55   0.51198030E-86
   0.31536000E+09      56   0.38004977E-87
   0.31536000E+09      57   0.19354612E-88
   0.31536000E+09      58   0.14102921E-89
   0.31536000E+09      59   0.10430976E-90
   0.31536000E+09      60   0.29203126E-92

