   0.31536000E+09       1   0.22974829E+10
   0.31536000E+09       2   0.15746494E+10
   0.31536000E+09       3   0.10975462E+10
   0.31536000E+09       4   0.76498447E+09
   0.31536000E+09       5   0.53871293E+09
   0.31536000E+09       6   0.38067310E+09
   0.31536000E+09       7   0.27267187E+09
   0.31536000E+09       8   0.19820647E+09
   0.31536000E+09       9   0.14587386E+09
   0.31536000E+09      10   0.10427693E+09
   0.31536000E+09      11   0.67763388E+08
   0.31536000E+09      12   0.36997503E+08
   0.31536000E+09      13   0.16866962E+08
   0.31536000E+09      14   0.69992028E+07
   0.31536000E+09      15   0.32038376E+07
   0.31536000E+09      16   0.20767097E+07
   0.31536000E+09      17   0.20704517E+07
   0.31536000E+09      18   0.25177519E+07
   0.31536000E+09      19   0.31446862E+07
   0.31536000E+09      20   0.37350314E+07
   0.31536000E+09      21   0.42272707E+07
   0.31536000E+09      22   0.44252812E+07
   0.31536000E+09      23   0.42037029E+07
   0.31536000E+09      24   0.36633501E+07
   0.31536000E+09      25   0.29445004E+07
   0.31536000E+09      26   0.21750915E+07
   0.31536000E+09      27   0.15085070E+07
   0.31536000E+09      28   0.97160045E+06
   0.31536000E+09      29   0.58418591E+06
   0.31536000E+09      30   0.34403792E+06
   0.31536000E+09      31   0.20474790E+06
   0.31536000E+09      32   0.13054677E+06
   0.31536000E+09      33   0.92751851E+05
   0.31536000E+09      34   0.76345386E+05
   0.31536000E+09      35   0.69858181E+05
   0.31536000E+09      36   0.68413175E+05
   0.31536000E+09      37   0.70080751E+05
   0.31536000E+09      38   0.73686193E+05
   0.31536000E+09      39   0.78001182E+05
   0.31536000E+09      40   0.83608525E+05
   0.31536000E+09      41   0.90540992E+05
   0.31536000E+09      42   0.98025169E+05
   0.31536000E+09      43   0.10514870E+06
   0.31536000E+09      44   0.11102351E+06
   0.31536000E+09      45   0.11547848E+06
   0.31536000E+09      46   0.11763076E+06
   0.31536000E+09      47   0.11680463E+06
   0.31536000E+09      48   0.11380860E+06
   0.31536000E+09      49   0.10943071E+06
   0.31536000E+09      50   0.10293815E+06
   0.31536000E+09      51   0.95610403E+05
   0.31536000E+09      52   0.86375315E+05
   0.31536000E+09      53   0.77485345E+05
   0.31536000E+09      54   0.68672815E+05
   0.31536000E+09      55   0.60597362E+05
   0.31536000E+09      56   0.53031334E+05
   0.31536000E+09      57   0.46415412E+05
   0.31536000E+09      58   0.40280325E+05
   0.31536000E+09      59   0.34769788E+05
   0.31536000E+09      60   0.29240885E+05

