   0.31536000E+09       1   0.16058134E+08
   0.31536000E+09       2   0.15417923E+08
   0.31536000E+09       3   0.15778981E+08
   0.31536000E+09       4   0.16400570E+08
   0.31536000E+09       5   0.17202834E+08
   0.31536000E+09       6   0.17943226E+08
   0.31536000E+09       7   0.18681952E+08
   0.31536000E+09       8   0.19370111E+08
   0.31536000E+09       9   0.20215630E+08
   0.31536000E+09      10   0.22274978E+08
   0.31536000E+09      11   0.28862022E+08
   0.31536000E+09      12   0.44708061E+08
   0.31536000E+09      13   0.75931330E+08
   0.31536000E+09      14   0.87430115E+08
   0.31536000E+09      15   0.94019062E+08
   0.31536000E+09      16   0.98394401E+08
   0.31536000E+09      17   0.99695825E+08
   0.31536000E+09      18   0.98282241E+08
   0.31536000E+09      19   0.95494203E+08
   0.31536000E+09      20   0.90812671E+08
   0.31536000E+09      21   0.84079576E+08
   0.31536000E+09      22   0.76559629E+08
   0.31536000E+09      23   0.68692081E+08
   0.31536000E+09      24   0.61253222E+08
   0.31536000E+09      25   0.53592519E+08
   0.31536000E+09      26   0.46372532E+08
   0.31536000E+09      27   0.39689972E+08
   0.31536000E+09      28   0.33213854E+08
   0.31536000E+09      29   0.27402384E+08
   0.31536000E+09      30   0.21848519E+08
   0.31536000E+09      31   0.16704000E+08
   0.31536000E+09      32   0.11994492E+08
   0.31536000E+09      33   0.81581739E+07
   0.31536000E+09      34   0.55036873E+07
   0.31536000E+09      35   0.36508773E+07
   0.31536000E+09      36   0.24243714E+07
   0.31536000E+09      37   0.15944222E+07
   0.31536000E+09      38   0.10403074E+07
   0.31536000E+09      39   0.66944846E+06
   0.31536000E+09      40   0.42984780E+06
   0.31536000E+09      41   0.27358420E+06
   0.31536000E+09      42   0.17300587E+06
   0.31536000E+09      43   0.10908403E+06
   0.31536000E+09      44   0.68435967E+05
   0.31536000E+09      45   0.42585361E+05
   0.31536000E+09      46   0.26600519E+05
   0.31536000E+09      47   0.16423334E+05
   0.31536000E+09      48   0.10010993E+05
   0.31536000E+09      49   0.60505516E+04
   0.31536000E+09      50   0.35415706E+04
   0.31536000E+09      51   0.20833533E+04
   0.31536000E+09      52   0.12018203E+04
   0.31536000E+09      53   0.70066296E+03
   0.31536000E+09      54   0.39758894E+03
   0.31536000E+09      55   0.22297171E+03
   0.31536000E+09      56   0.12563187E+03
   0.31536000E+09      57   0.70626553E+02
   0.31536000E+09      58   0.39212068E+02
   0.31536000E+09      59   0.21829792E+02
   0.31536000E+09      60   0.11708258E+02

